PC_RASTER_CASE_STUDY/rain_grids/rn_12670.asc
ncols         31
nrows         25
xllcorner     73.125000
yllcorner     13.125000
cellsize      0.25
NODATA_value  -9999
-999 8.5839 6.342 6.152 3.6072 3.4 2.4137 0 -999 -999 -999 -999 -999 -999 -999 -999 -999 -999 -999 -999 -999 -999 -999 -999 -999 -999 -999 -999 -999 -999 -999
-999 9.9577 8.1441 5.8525 5.7936 5.8 6.2548 4.0209 2.2288 -999 -999 -999 -999 -999 -999 -999 -999 -999 -999 -999 -999 -999 -999 -999 -999 -999 -999 -999 -999 -999 -999
-999 8.5637 6.6426 9.0683 9.166 10.326 6.7096 7.6 7.6002 8.1527 -999 -999 -999 -999 -999 -999 -999 -999 -999 -999 -999 -999 -999 -999 -999 -999 -999 -999 -999 -999 -999
8.6106 6.6184 11.355 15.888 20.544 26.434 33.879 7.6029 7.6 7.6053 7.7185 8.2184 -999 -999 -999 -999 -999 -999 -999 -999 -999 -999 -999 -999 -999 -999 -999 -999 -999 -999 -999
-999 10.917 15.198 22.419 29.73 31.694 36.292 8.0544 7.6 7.6 7.6018 7.6263 -999 -999 -999 -999 -999 -999 -999 -999 -999 -999 -999 -999 -999 -999 -999 -999 -999 -999 -999
-999 6.4925 13.834 28.436 35.338 40.169 38.544 8.8669 7.6008 7.6 7.6 7.6001 7.6081 8.3493 14.775 -999 -999 -999 -999 -999 -999 -999 -999 -999 7.1758 7.8999 27.786 54.626 56.675 -999 -999
-999 12.053 26.416 46.126 41.58 40.098 29.52 8.9874 7.5794 7.5998 7.6 7.6 7.6188 8.917 25.267 32.544 30.835 28.863 23.27 -999 -999 21.22 19.24 17.853 9.0567 10.599 11.145 38.349 33.382 -999 -999
-999 -999 50.123 56.38 43.536 31.646 21.026 7.9887 7.4518 7.595 7.6 7.6 7.6762 10.568 27.524 31.756 32.379 34.278 37.52 29.723 19.762 22.075 26.391 17.076 8.8357 7.3169 8.6674 15.436 19.457 21.111 -999
-999 -999 37.172 42.104 29.188 13.212 11.663 3.8651 6.9668 7.5488 7.599 7.6001 7.8258 13.582 30.813 31.041 31.822 32.264 37.752 31.956 20.826 20.818 16.099 9.6863 8.1619 10.734 10.34 9.2517 23.62 26.367 13.057
-999 -999 15.983 12.786 6.0829 2.2983 4.0818 2.1783 4.1342 7.3241 7.5896 7.6001 8.2099 21.582 30.14 30.266 29.572 27.021 26.401 31.411 26.581 22.407 10.234 6.2875 11.471 14.108 11.955 28.147 38.682 22.971 10.636
-999 -999 5.6483 4.2174 3.4678 1.5163 2.1723 1.7432 2.2994 6.4112 7.5484 7.6 8.3761 20.587 25.217 27.593 26.286 21.026 19.592 20.662 36.706 42.514 21.409 11.757 19.491 19.589 17.122 22.241 36.393 39.371 36.57
-999 -999 2.7173 3.0404 2.7084 2.1968 1.8781 1.7191 1.4293 2.8784 7.3987 7.5908 8.611 9.1037 10.342 11.445 19.656 20.542 21.297 27.587 49.671 48.996 91.315 119.49 67.863 18.486 14.197 23.985 46.908 55.472 90.355
-999 -999 1.7861 2.7507 2.2249 1.9248 1.9489 1.6484 1.3027 1.1163 6.6883 9.2768 9.3011 9.1238 8.6535 8.1438 6.6933 8.8456 19.446 32.123 41.002 53.523 145.46 147.87 97.657 10.784 14.787 20.417 46.138 57.399 79.741
-999 -999 -999 0.83487 1.4308 1.0651 1.2224 1.2328 1.1218 1.1 7.8268 10.203 10.184 9.7797 9.1455 8.2354 7.2428 3.1924 12.5 18.084 24.389 101.93 157.68 177.47 65.843 -999 -999 -999 -999 -999 37.534
-999 -999 -999 0.89947 0.67423 0.21136 0.17192 0.10863 0.11521 2.8232 10.078 12.533 11.222 10.724 10.18 10.195 4.675 2.7116 5.6391 14.386 17.177 52.336 80.397 -999 -999 -999 -999 -999 -999 -999 50.021
-999 -999 -999 -999 -999 0.19816 0.16164 0.10996 0 0 31.969 21.149 19.356 16.855 12.182 14.197 12.585 2.2564 2.6762 9.6379 -999 -999 -999 -999 -999 -999 -999 -999 -999 -999 -999
-999 -999 -999 -999 -999 -999 -999 -999 0 0 39.844 33.451 29.993 27.352 25.903 20.469 14.777 15.636 6.9007 12.528 -999 -999 -999 -999 -999 -999 -999 -999 -999 -999 -999
-999 -999 -999 -999 -999 -999 -999 0 0 7.4862 35.706 33.124 31.109 28.928 30.569 30.912 16.906 21.267 -999 -999 -999 -999 -999 -999 -999 -999 -999 -999 -999 -999 -999
-999 -999 -999 -999 -999 -999 0 0 0 33.845 32.908 31.947 29.861 27.997 30.413 35.47 16.787 -999 -999 -999 -999 -999 -999 -999 -999 -999 -999 -999 -999 -999 -999
-999 -999 -999 -999 -999 -999 0 0 0 18.376 30.972 30.383 28.263 26.446 24.107 19.158 1.7858 -999 -999 -999 -999 -999 -999 -999 -999 -999 -999 -999 -999 -999 -999
-999 -999 -999 -999 -999 -999 0 0 3.4028 14.833 25.858 25.085 22.521 17.166 14.004 6.3524 6.6735 -999 -999 -999 -999 -999 -999 -999 -999 -999 -999 -999 -999 -999 -999
-999 -999 -999 -999 -999 -999 -999 2.9167 10.208 11.693 11.165 12.28 12.66 11.078 5.173 3.0427 4.146 -999 -999 -999 -999 -999 -999 -999 -999 -999 -999 -999 -999 -999 -999
-999 -999 -999 -999 -999 -999 -999 -999 17.5 13.706 2.4 3.4254 4.1117 4.2421 4.3093 3.5347 3.5786 -999 -999 -999 -999 -999 -999 -999 -999 -999 -999 -999 -999 -999 -999
-999 -999 -999 -999 -999 -999 -999 17.5 26.25 21.217 2.4 2.4 2.6175 3.24 3.6105 3.717 4.0271 -999 -999 -999 -999 -999 -999 -999 -999 -999 -999 -999 -999 -999 -999
-999 -999 -999 -999 -999 -999 -999 35 35 35 15.983 2.4 2.4043 2.6914 3.1938 -999 -999 -999 -999 -999 -999 -999 -999 -999 -999 -999 -999 -999 -999 -999 -999
