PC_RASTER_CASE_STUDY/rain_grids/rn_11228.asc
ncols         31
nrows         25
xllcorner     73.125000
yllcorner     13.125000
cellsize      0.25
NODATA_value  -9999
-999 22.157 13.659 20.328 11.735 5.7667 7.128 6.8639 -999 -999 -999 -999 -999 -999 -999 -999 -999 -999 -999 -999 -999 -999 -999 -999 -999 -999 -999 -999 -999 -999 -999
-999 9.0429 13.462 6.3551 0.4882 2.2232 5.4793 7.477 5.5787 -999 -999 -999 -999 -999 -999 -999 -999 -999 -999 -999 -999 -999 -999 -999 -999 -999 -999 -999 -999 -999 -999
-999 0 0.54878 0.75725 2.3508 12.219 13.108 9.0559 4.4914 11.218 -999 -999 -999 -999 -999 -999 -999 -999 -999 -999 -999 -999 -999 -999 -999 -999 -999 -999 -999 -999 -999
0.13179 0.93001 0.11497 0 8.6827 7.6059 10.566 5.4938 5.7953 1.9337 0.41943 5.0241 -999 -999 -999 -999 -999 -999 -999 -999 -999 -999 -999 -999 -999 -999 -999 -999 -999 -999 -999
-999 23.488 8.134 2.3589 12.939 5.4529 8.2671 10.93 11.579 12.47 24.338 38.434 -999 -999 -999 -999 -999 -999 -999 -999 -999 -999 -999 -999 -999 -999 -999 -999 -999 -999 -999
-999 2.1531 4.2663 7.0818 29.415 13.885 39.509 26.378 41.832 60.304 46.315 35.648 37.972 45.205 36.284 -999 -999 -999 -999 -999 -999 -999 -999 -999 0.66391 0.68146 3.0496 3.4385 5.0572 -999 -999
-999 3.4788 7.1016 4.942 22.821 25.618 54.458 27.185 18.855 83.433 72.045 33.769 49.661 84.574 83.331 35.264 21.422 45.309 83.188 -999 -999 1.3361 0.41963 0 0.70764 2.0861 2.1563 3.6467 3.888 -999 -999
-999 -999 9.2976 10.413 38.572 30.747 12.752 17.187 32.843 30.943 54.048 38.153 28.751 56.985 45.455 29.472 15.787 19.398 21.434 7.3098 4.4138 3.289 0 0 2.7816 2.8118 1.2786 1.5308 2.8712 3.1117 -999
-999 -999 10.455 31.463 31.685 18.524 11.975 14.514 19.565 22.141 17.713 38.467 29.747 51.694 46.323 35.194 26.524 36.24 22.998 13.989 5.0829 3.3862 0.42382 0.29499 3.7721 5.0391 3.6508 0.86162 7.9875 6.4994 2.1893
-999 -999 23.435 21.957 25.168 23.368 17.871 32.519 27.148 6.3663 26.299 20.324 20.06 37.571 11.588 32.574 39.681 36.1 32.677 9.1398 7.5879 5.0848 1.002 1.3105 2.3743 2.9465 0.35971 24.513 39.177 7.4557 0.46259
-999 -999 21.665 21.349 5.5511 5.5557 7.9414 11.729 67.861 26.194 31.916 21.95 15.924 20.826 50.477 47.672 30.339 25.76 17.481 16.684 11.674 10.616 3.2052 1.3762 1.48 0.91665 3.1224 10.769 31.318 12.373 10.727
-999 -999 4.678 2.0539 3.319 3.9474 52.357 8.7979 37.006 31.235 30.481 21.167 6.2847 15.056 30.674 20.008 8.6545 21.48 16.644 13.304 17.498 8.0179 12.425 9.558 3.1525 4.6998 37.106 27.295 15.132 23.261 6.053
-999 -999 0.5557 7.7431 1.2216 22.085 14.169 20.301 30.354 9.2795 17.684 10.73 1.6482 47.823 25.71 42.124 23.502 24.183 14.969 13.611 10.878 8.705 17.036 17.451 13.332 31.269 60.405 52.753 12.712 15.045 1.4709
-999 -999 -999 20.994 11.404 27.188 21.683 13 3.1284 14.131 11.495 1.4778 6.141 23.542 13.319 9 4.0558 8.4003 7.1198 11.763 6.1934 14.612 19.322 21.91 35.258 -999 -999 -999 -999 -999 2.401
-999 -999 -999 5.5012 3.3496 1.0783 0.84221 8.2619 13.52 2.8409 4.92 0 5.9585 12.344 4.5057 25.456 11.512 6.6413 4.3115 6.0169 15.821 18.019 22.231 -999 -999 -999 -999 -999 -999 -999 6.4717
-999 -999 -999 -999 -999 0 0 8.4 5.4699 27.243 2.3106 0 7.2315 5.0026 5.0629 11.184 6.2585 15.808 23.651 16.832 -999 -999 -999 -999 -999 -999 -999 -999 -999 -999 -999
-999 -999 -999 -999 -999 -999 -999 -999 8.8757 15.931 31.552 5.9477 2.5585 1.4993 0 2.4071 13.009 30.21 28.186 22.313 -999 -999 -999 -999 -999 -999 -999 -999 -999 -999 -999
-999 -999 -999 -999 -999 -999 -999 0.56275 23.319 13.153 28.109 4.896 6.7531 7.3318 1.7323 0 13.319 28.803 -999 -999 -999 -999 -999 -999 -999 -999 -999 -999 -999 -999 -999
-999 -999 -999 -999 -999 -999 1.5416 0 1.9555 1.9111 29.386 8.4861 13.048 1.9596 3.6664 0 0.79816 -999 -999 -999 -999 -999 -999 -999 -999 -999 -999 -999 -999 -999 -999
-999 -999 -999 -999 -999 -999 4.2448 0 0 0.74025 6.1367 18.571 0.59866 0.39583 0.23452 0 0.28698 -999 -999 -999 -999 -999 -999 -999 -999 -999 -999 -999 -999 -999 -999
-999 -999 -999 -999 -999 -999 8.3668 0.82854 9.8049 2.3568 12.26 0.26631 8.7267 0 0.31508 0 0 -999 -999 -999 -999 -999 -999 -999 -999 -999 -999 -999 -999 -999 -999
-999 -999 -999 -999 -999 -999 -999 3.5217 0.18466 0.2232 1.3794 0.31879 0 6.4133 7.3652 0.63031 0 -999 -999 -999 -999 -999 -999 -999 -999 -999 -999 -999 -999 -999 -999
-999 -999 -999 -999 -999 -999 -999 -999 1.2026 0 0 2.71 0.27524 12.058 14 4.1699 3.4016 -999 -999 -999 -999 -999 -999 -999 -999 -999 -999 -999 -999 -999 -999
-999 -999 -999 -999 -999 -999 -999 15.748 0.96544 3.365 0.88861 0 0 3.125 12.011 0 3.4111 -999 -999 -999 -999 -999 -999 -999 -999 -999 -999 -999 -999 -999 -999
-999 -999 -999 -999 -999 -999 -999 5.7619 2.8446 11.137 14.05 2.2602 11.794 0.13426 3.0888 -999 -999 -999 -999 -999 -999 -999 -999 -999 -999 -999 -999 -999 -999 -999 -999
