PC_RASTER_CASE_STUDY/rain_grids/rn_14156.asc
ncols         31
nrows         25
xllcorner     73.125000
yllcorner     13.125000
cellsize      0.25
NODATA_value  -9999
-999 8.4122 4.0056 0 0 0 0 0 -999 -999 -999 -999 -999 -999 -999 -999 -999 -999 -999 -999 -999 -999 -999 -999 -999 -999 -999 -999 -999 -999 -999
-999 4.997 0.76439 0 0 0 1.3246 4.4128 6.7645 -999 -999 -999 -999 -999 -999 -999 -999 -999 -999 -999 -999 -999 -999 -999 -999 -999 -999 -999 -999 -999 -999
-999 1.8817 0.10549 0 0 3.0097 16.329 18.765 8.4909 13.911 -999 -999 -999 -999 -999 -999 -999 -999 -999 -999 -999 -999 -999 -999 -999 -999 -999 -999 -999 -999 -999
17.163 11.308 0 4.6389 37.472 19.052 26.73 48.001 35.561 30.091 48.209 48.884 -999 -999 -999 -999 -999 -999 -999 -999 -999 -999 -999 -999 -999 -999 -999 -999 -999 -999 -999
-999 14.54 11.184 32.414 72.995 96.173 69.587 50.328 40.826 31.285 24.994 17.631 -999 -999 -999 -999 -999 -999 -999 -999 -999 -999 -999 -999 -999 -999 -999 -999 -999 -999 -999
-999 20.878 24.798 46.082 77.991 89.459 54.976 59.151 56.152 37.634 25.021 25.406 22.952 17.846 11.724 -999 -999 -999 -999 -999 -999 -999 -999 -999 14.587 8.3364 6.7605 4.9222 4.2793 -999 -999
-999 39.062 28.941 56.543 72.696 58.062 44.963 73.545 83.474 39.86 31.004 34.353 51.454 29.053 29.54 17.43 0.39249 15.012 27.406 -999 -999 21.513 18.785 34.351 25.283 10.448 12.343 9.412 4.5369 -999 -999
-999 -999 22.01 46.3 65.776 62.075 62.93 101.98 67.49 48.315 36.619 57.468 63.021 33.575 28.728 25.473 22.194 6.7535 41.285 40.807 11.171 10.692 5.7815 19.921 13.96 9.6764 14.981 11.434 5.091 0.16656 -999
-999 -999 12.928 39.042 42.21 39.237 67.861 102.85 82.686 38.514 44.515 44.007 43.835 30.394 17.79 25.248 58.864 72.997 37.805 23.4 23.615 50.287 14.237 2.9635 2.3523 2.9029 10.96 18.09 11.697 10.35 6.82
-999 -999 16.123 17.605 36.109 29.588 73.117 86.343 96.812 27.246 51.311 32.795 28.182 9.6925 20.848 25.482 32.397 59.788 37.37 23.307 29.615 41.519 9.0715 2.1375 2.1471 2.0915 3.1176 2.7982 7.4388 11.185 6.986
-999 -999 25.225 11.231 35.874 44.292 66.621 79.509 106.41 37.29 43.27 43.947 31.379 19.539 27.858 76.859 59.831 65.183 29.616 22.224 6.7522 5.9036 4.9961 6.3182 3.3042 1.4572 0.90069 0.71403 2.2724 0.88534 3.6241
-999 -999 63.304 33.432 41.829 63.326 45.692 85.432 49.682 48.565 69.705 78.372 56.059 55.308 16.943 30.14 42.734 95.142 80.659 31.525 8.3238 0.38361 4.2142 8.0265 3.1935 0.79167 1.0254 3.6425 2.9002 1.5086 3.9831
-999 -999 97.473 34.935 19.047 9.0004 61.051 55.568 63.716 37.391 67.239 75.917 27.389 19.95 11.406 16.687 33.782 56.309 86.456 47.916 19.537 9.3718 13.773 14.799 6.116 1.9701 2.5788 4.1705 3.1555 1.4402 5.4705
-999 -999 -999 16.404 75.525 59.69 33.635 0 55.17 30.185 56.413 69.122 28.155 17.451 19.244 11.261 11.328 28.329 30.885 34.661 15.64 18.369 14.947 13.746 7.6732 -999 -999 -999 -999 -999 8.5898
-999 -999 -999 26.764 8.7699 65.747 64.586 27.677 28.217 31.545 25.278 18.483 1.8256 13.581 10.485 17.574 51.791 37.829 23.43 26.661 5.0989 13.857 27.924 -999 -999 -999 -999 -999 -999 -999 7.1832
-999 -999 -999 -999 -999 29.728 47.402 35.2 9.1553 6.4184 27.64 19.282 10.715 0.85213 0.80541 0.88118 10.124 12.889 4.7697 7.6457 -999 -999 -999 -999 -999 -999 -999 -999 -999 -999 -999
-999 -999 -999 -999 -999 -999 -999 -999 26.64 52.253 21.123 7.8358 9.0125 6.8358 0.15112 0 0.75168 0.9792 3.9272 7.3735 -999 -999 -999 -999 -999 -999 -999 -999 -999 -999 -999
-999 -999 -999 -999 -999 -999 -999 23.761 11.104 50.819 58.005 25.042 20.39 16.848 10.539 0 0 0 -999 -999 -999 -999 -999 -999 -999 -999 -999 -999 -999 -999 -999
-999 -999 -999 -999 -999 -999 53.996 26.518 8.0237 29.047 13.751 26.425 19.883 4.2589 5.1231 1.5714 1.0276 -999 -999 -999 -999 -999 -999 -999 -999 -999 -999 -999 -999 -999 -999
-999 -999 -999 -999 -999 -999 126.13 31.11 36.775 14.987 9.169 20.299 22.608 11.123 3.8502 3.8874 1.1984 -999 -999 -999 -999 -999 -999 -999 -999 -999 -999 -999 -999 -999 -999
-999 -999 -999 -999 -999 -999 88.662 29.993 21.093 18.877 22.908 14.143 1.219 27.91 2.4363 0.17865 2.0372 -999 -999 -999 -999 -999 -999 -999 -999 -999 -999 -999 -999 -999 -999
-999 -999 -999 -999 -999 -999 -999 33.083 21.894 19.418 14.695 10.265 4.1079 16.419 6.0246 10.525 9.019 -999 -999 -999 -999 -999 -999 -999 -999 -999 -999 -999 -999 -999 -999
-999 -999 -999 -999 -999 -999 -999 -999 33.652 11.621 2.7503 5.2052 0.55582 0 0.4 6.0716 27.57 -999 -999 -999 -999 -999 -999 -999 -999 -999 -999 -999 -999 -999 -999
-999 -999 -999 -999 -999 -999 -999 53.151 67.089 31.788 2.7574 0 0.56241 1.6193 0 0 1.7939 -999 -999 -999 -999 -999 -999 -999 -999 -999 -999 -999 -999 -999 -999
-999 -999 -999 -999 -999 -999 -999 95.538 113.5 56.022 3.4773 3.9502 0 1.8643 4.0427 -999 -999 -999 -999 -999 -999 -999 -999 -999 -999 -999 -999 -999 -999 -999 -999
