PC_RASTER_CASE_STUDY/rain_grids/rn_12260.asc
ncols         31
nrows         25
xllcorner     73.125000
yllcorner     13.125000
cellsize      0.25
NODATA_value  -9999
-999 6.1019 0 0.64245 2.0966 0.86043 3.0688 22.182 -999 -999 -999 -999 -999 -999 -999 -999 -999 -999 -999 -999 -999 -999 -999 -999 -999 -999 -999 -999 -999 -999 -999
-999 11.33 6.0483 2.4595 3.968 4.1949 3.4277 14.217 12.575 -999 -999 -999 -999 -999 -999 -999 -999 -999 -999 -999 -999 -999 -999 -999 -999 -999 -999 -999 -999 -999 -999
-999 9.949 9.7111 5.4261 5.5588 8.6309 6.4267 1.6951 0.32057 0 -999 -999 -999 -999 -999 -999 -999 -999 -999 -999 -999 -999 -999 -999 -999 -999 -999 -999 -999 -999 -999
10.542 8.2844 5.1739 3.2052 8.6791 9.9438 7.1525 0.28451 0 0 0 0.17911 -999 -999 -999 -999 -999 -999 -999 -999 -999 -999 -999 -999 -999 -999 -999 -999 -999 -999 -999
-999 5.6416 1.3026 4.3575 12.109 17.256 16.471 2.2629 0.24719 2.4176 1.4177 1.1267 -999 -999 -999 -999 -999 -999 -999 -999 -999 -999 -999 -999 -999 -999 -999 -999 -999 -999 -999
-999 5.6733 0.62249 0.65866 19.485 21.32 34.437 31.539 4.7508 3.0793 1.7665 1.7805 6.5611 11.943 6.9178 -999 -999 -999 -999 -999 -999 -999 -999 -999 21.234 22.583 13.622 0.12673 0.10583 -999 -999
-999 32.365 0 0 31.837 14.607 37.861 36.65 46.28 4.3102 1.3624 0.99813 6.2619 4.1752 3.0956 4.2384 6.8608 5.5422 7.6868 -999 -999 5.0265 3.4619 8.1354 19.025 21.078 23.168 6.1562 1.8932 -999 -999
-999 -999 0 0 71.893 44.595 36.686 20.868 91.412 68.047 6.3295 0.15068 0.8202 4.6553 0 2.3025 2.883 8.5134 7.3647 10.898 13.212 7.1055 9.0521 7.2191 12.835 18.624 21.498 21.892 7.3554 1.9245 -999
-999 -999 0 0.49492 10.151 14.229 29.81 21.243 47.413 45.617 21.855 5.5015 1.8775 3.8666 11.617 10.813 8.6244 16.762 5.3759 3.8225 8.7371 8.8705 9.2827 9.4621 11.288 14.082 21.963 31.546 7.7487 0.37159 0.76968
-999 -999 6.6679 3.1434 4.2819 4.9888 11.587 12.48 8.3846 4.994 18.167 18.255 10.655 10.448 13.901 10.584 2.3031 4.379 3.178 3.1116 5.8466 8.7759 9.3621 11.127 22.119 17.368 8.3858 10.554 4.013 0 0
-999 -999 11.069 8.5422 3.1411 3.154 5.5247 2.8016 7.6102 29.354 26.617 29.048 21.909 11.496 3.1463 12.505 10.757 6.5241 5.7827 4.5467 7.9091 8.2296 8.6542 15.021 23.816 23.529 11.388 8.0168 4.5162 0.39213 0.2522
-999 -999 31.184 6.6074 3.5414 1.6373 1.1269 2.3103 5.8959 24.749 39.89 31.346 14.529 10.832 3.1736 5.1814 11.472 16.23 6.5572 6.0776 19.754 5.4631 8.8386 8.9172 5.472 7.6227 14.373 18.388 10.568 0.94288 3.4328
-999 -999 7.8436 5.8364 2.8835 0.79562 0.26512 2.6454 3.8994 7.6228 24.935 36.406 9.7374 16.184 7.01 0 22.531 15.691 33.873 20.305 11.327 5.5369 6.287 3.1189 1.4561 11.74 24.567 26.83 34.122 30.132 1.9297
-999 -999 -999 2.3672 3.0339 0.60595 0.13961 1.0189 1.3172 2.7496 11.245 10.773 5.4355 1.7119 9.9961 0 0.22872 2.0659 42.289 64.654 46.016 8.1789 3.4118 3.6548 2.8853 -999 -999 -999 -999 -999 9.3045
-999 -999 -999 3.5285 4.5313 0.8792 0 1.1885 2.4504 8.9028 13.133 4.5057 38.586 3.2034 3.0588 6.3994 3.4735 4.0037 8.3436 45.866 13.716 7.7096 1.9322 -999 -999 -999 -999 -999 -999 -999 6.7515
-999 -999 -999 -999 -999 1.7399 0.36105 0.32 0.18183 0.22743 8.3921 9.1505 9.052 10.713 9.5573 11.897 11.509 6.9855 9.4549 4.6813 -999 -999 -999 -999 -999 -999 -999 -999 -999 -999 -999
-999 -999 -999 -999 -999 -999 -999 -999 0 0.27718 0 8.8763 3.4661 13.698 7.5624 10.122 9.3993 4.8818 7.9112 4.7809 -999 -999 -999 -999 -999 -999 -999 -999 -999 -999 -999
-999 -999 -999 -999 -999 -999 -999 1.3647 0.24686 0 2.1844 1.4673 3.3351 8.4515 2.3933 4.4894 7.7837 3.1897 -999 -999 -999 -999 -999 -999 -999 -999 -999 -999 -999 -999 -999
-999 -999 -999 -999 -999 -999 1.1908 4.9554 0.19528 1.8104 0.12888 3.5918 2.1279 0.37713 0.18456 3.7916 17.818 -999 -999 -999 -999 -999 -999 -999 -999 -999 -999 -999 -999 -999 -999
-999 -999 -999 -999 -999 -999 4.0254 2.5024 3.4281 10.585 2.1287 5.7723 1.935 0.124 0.56977 15.091 35.347 -999 -999 -999 -999 -999 -999 -999 -999 -999 -999 -999 -999 -999 -999
-999 -999 -999 -999 -999 -999 8.3033 5.1045 2.6801 19.673 7.4313 9.0974 8.344 0.75191 2.1831 23.097 0.20839 -999 -999 -999 -999 -999 -999 -999 -999 -999 -999 -999 -999 -999 -999
-999 -999 -999 -999 -999 -999 -999 22.014 4.2098 6.7323 11.601 2.727 3.0935 5.6139 1.9134 0 0.2429 -999 -999 -999 -999 -999 -999 -999 -999 -999 -999 -999 -999 -999 -999
-999 -999 -999 -999 -999 -999 -999 -999 20.76 9.6475 12.046 6.6058 1.1569 6.4199 2 0 0.31097 -999 -999 -999 -999 -999 -999 -999 -999 -999 -999 -999 -999 -999 -999
-999 -999 -999 -999 -999 -999 -999 82.021 108.64 14.264 0.2721 4.8342 0 0 0 0 0.22688 -999 -999 -999 -999 -999 -999 -999 -999 -999 -999 -999 -999 -999 -999
-999 -999 -999 -999 -999 -999 -999 71.327 29.311 26.47 3.474 3.6526 2.6977 0 0.80235 -999 -999 -999 -999 -999 -999 -999 -999 -999 -999 -999 -999 -999 -999 -999 -999
