PC_RASTER_CASE_STUDY/rain_grids/rn_13723.asc
ncols         31
nrows         25
xllcorner     73.125000
yllcorner     13.125000
cellsize      0.25
NODATA_value  -9999
-999 45.108 6.5882 1.2358 0.53976 1.3233 2.3158 0.26204 -999 -999 -999 -999 -999 -999 -999 -999 -999 -999 -999 -999 -999 -999 -999 -999 -999 -999 -999 -999 -999 -999 -999
-999 64.031 26.798 0.54384 0.20253 1.0838 2.6801 2.4262 4.7636 -999 -999 -999 -999 -999 -999 -999 -999 -999 -999 -999 -999 -999 -999 -999 -999 -999 -999 -999 -999 -999 -999
-999 67.093 62.042 4.9502 1.5118 3.3874 5.1278 11.138 9.3321 7.1796 -999 -999 -999 -999 -999 -999 -999 -999 -999 -999 -999 -999 -999 -999 -999 -999 -999 -999 -999 -999 -999
76.341 79.481 43.828 4.274 3.0947 4.1058 7.6545 20.543 17.77 8.144 5.1985 4.2835 -999 -999 -999 -999 -999 -999 -999 -999 -999 -999 -999 -999 -999 -999 -999 -999 -999 -999 -999
-999 93.652 25.813 5.78 4.9359 4.3717 10.829 22.257 25.63 14.408 8.1294 5.6467 -999 -999 -999 -999 -999 -999 -999 -999 -999 -999 -999 -999 -999 -999 -999 -999 -999 -999 -999
-999 99.819 13.86 6.7476 4.0625 4.4176 9.135 12.198 17.475 15.356 8.9394 8.1467 6.8211 10.483 12.977 -999 -999 -999 -999 -999 -999 -999 -999 -999 27.215 27.33 30.978 33.787 27.249 -999 -999
-999 96.301 3.7933 3.3395 2.8253 6.121 8.0823 10.254 6.5082 14.186 9.0078 11.069 12.932 18.099 22.409 39.508 3.536 9.6486 12.175 -999 -999 8.95 13.538 22.075 24.383 24.587 19.116 9.8382 7.6679 -999 -999
-999 -999 13.427 9.6538 3.522 5.0369 2.905 3.1273 3.0096 3.3842 7.5224 15.717 7.4261 17.211 33.4 18.261 17.274 2.4754 6.4954 7.2167 7.7203 7.6341 8.1842 10.953 16.75 14.979 10.354 5.5877 3.633 4.3546 -999
-999 -999 15.415 7.623 6.7004 3.8198 2.6277 2.984 3.2823 4.0452 6.2846 11.491 15.194 7.0364 16.037 19.464 17.429 6.6196 6.812 7.591 7.7681 6.9882 5.317 4.3465 5.1079 5.4675 5.6487 6.5198 4.436 3.4526 24.153
-999 -999 46.597 17.919 10.286 4.1492 2.9062 1.7552 3.0454 0.25816 4.0576 5.2404 16.853 12.953 20.85 13.269 7.8958 13.428 9.3739 9.3777 7.987 6.5833 4.5606 3.1347 3.7908 5.9024 4.8015 3.2723 3.0847 3.3589 3.5428
-999 -999 56.32 36.558 15.677 7.9851 5.4209 4.2137 5.7853 1.9999 3.7071 3.8775 7.9679 9.4154 12.263 20.498 16.584 14.251 10.352 10.152 8.7429 6.7232 5.633 5.1779 7.6651 8.0627 4.4796 1.4006 1.9334 4.0772 4.2204
-999 -999 77.009 48.269 12.22 7.363 1.2556 4.4703 3.9026 5.0435 7.9216 3.9937 5.7634 6.554 15.501 17.956 6.6794 2.5171 8.4346 9.0639 8.8232 7.9414 7.306 7.724 9.555 9.3615 6.6777 2.045 2.3236 4.3896 4.669
-999 -999 62.984 28.477 12.985 1.9901 8.89 4.0853 5.7644 6.0663 7.5864 3.6613 5.9784 7.4544 14.486 5.6337 4.9567 2.8174 5.824 8.3955 10.042 11.123 7.7997 7.9987 8.4971 8.5016 5.0282 1.5843 1.8319 4.0872 5.7715
-999 -999 -999 26.365 17.366 4.616 6.799 0 3.0449 3.6621 3.9583 8.4944 8.839 7.8339 5.7079 17 13.004 7.515 9.2183 9.7105 11.284 11.705 11.744 9.4485 6.9255 -999 -999 -999 -999 -999 5.2902
-999 -999 -999 103.21 55.046 24.312 14.161 10.088 6.3761 2.3783 4.836 7.8902 4.5454 5.7426 14.633 12.941 11.935 9.3931 9.6202 9.9519 12.804 12.66 12.746 -999 -999 -999 -999 -999 -999 -999 4.453
-999 -999 -999 -999 -999 12.011 14.408 3 2.951 2.2164 4.1331 1.8297 0.16227 0.81798 0.24859 3.5508 4.9894 10.185 10.674 12.36 -999 -999 -999 -999 -999 -999 -999 -999 -999 -999 -999
-999 -999 -999 -999 -999 -999 -999 -999 6.2408 1.5056 0.59117 1.763 0 0.24323 0.44547 1.6937 1.9733 1.6943 9.8418 11.658 -999 -999 -999 -999 -999 -999 -999 -999 -999 -999 -999
-999 -999 -999 -999 -999 -999 -999 6.6298 2.0326 53.435 2.4705 0.39248 0 0.41273 0.4016 2.8075 2.127 1.6766 -999 -999 -999 -999 -999 -999 -999 -999 -999 -999 -999 -999 -999
-999 -999 -999 -999 -999 -999 40.089 21.036 9.7835 3.7583 2.1328 2.2745 0.10037 5.2431 4.2013 1.2601 2.0977 -999 -999 -999 -999 -999 -999 -999 -999 -999 -999 -999 -999 -999 -999
-999 -999 -999 -999 -999 -999 49.025 29.896 17.128 19.943 11.631 4.8752 1.0354 0.37109 1.7918 6.7912 3.8952 -999 -999 -999 -999 -999 -999 -999 -999 -999 -999 -999 -999 -999 -999
-999 -999 -999 -999 -999 -999 74 12.785 12.644 3.6109 60.937 4.8257 8.4573 0 0 9.8357 2.5058 -999 -999 -999 -999 -999 -999 -999 -999 -999 -999 -999 -999 -999 -999
-999 -999 -999 -999 -999 -999 -999 20.099 25.137 16.456 14.911 15.196 11.023 1.7361 1.8871 4.482 5.994 -999 -999 -999 -999 -999 -999 -999 -999 -999 -999 -999 -999 -999 -999
-999 -999 -999 -999 -999 -999 -999 -999 39.232 42.211 16.75 3.087 1.0252 9.3648 4.6 3.5249 1.1028 -999 -999 -999 -999 -999 -999 -999 -999 -999 -999 -999 -999 -999 -999
-999 -999 -999 -999 -999 -999 -999 59.678 72.925 49.153 2.9212 16.249 5.7318 4.1579 5.4397 0 10.83 -999 -999 -999 -999 -999 -999 -999 -999 -999 -999 -999 -999 -999 -999
-999 -999 -999 -999 -999 -999 -999 54.598 90.163 32.729 9.5512 3.9051 1.0986 4.3118 3.8914 -999 -999 -999 -999 -999 -999 -999 -999 -999 -999 -999 -999 -999 -999 -999 -999
