PC_RASTER_CASE_STUDY/rain_grids/rn_14451.asc
ncols         31
nrows         25
xllcorner     73.125000
yllcorner     13.125000
cellsize      0.25
NODATA_value  -9999
-999 76.042 25.122 16.313 3.3147 4.4034 3.1744 2.1218 -999 -999 -999 -999 -999 -999 -999 -999 -999 -999 -999 -999 -999 -999 -999 -999 -999 -999 -999 -999 -999 -999 -999
-999 77.946 26.294 18.805 1.9075 1.8072 2.2163 0.87159 1.8586 -999 -999 -999 -999 -999 -999 -999 -999 -999 -999 -999 -999 -999 -999 -999 -999 -999 -999 -999 -999 -999 -999
-999 50.936 25.451 13.995 1.0347 0.33272 0.20564 0.53248 3.3856 3.5408 -999 -999 -999 -999 -999 -999 -999 -999 -999 -999 -999 -999 -999 -999 -999 -999 -999 -999 -999 -999 -999
111.64 61.579 19.983 18.861 0.41352 0 0 0.16848 1.6926 3.4026 14.696 16.483 -999 -999 -999 -999 -999 -999 -999 -999 -999 -999 -999 -999 -999 -999 -999 -999 -999 -999 -999
-999 101.44 27.967 23.704 5.7552 1.8891 0.95799 1.0928 1.3534 2.3676 7.2391 10.389 -999 -999 -999 -999 -999 -999 -999 -999 -999 -999 -999 -999 -999 -999 -999 -999 -999 -999 -999
-999 140.11 40.347 25.976 11.451 5.0734 1.8944 1.6472 2.0347 1.9861 8.1514 9.6817 8.6097 17.367 23.065 -999 -999 -999 -999 -999 -999 -999 -999 -999 30.128 48.267 45.946 73.51 80.32 -999 -999
-999 131.26 56.787 27.162 13.857 6.5584 2.5206 0.71146 0.19701 1.3113 1.6101 2.7962 4.9002 11.408 22.539 12.443 17.894 19.882 26.911 -999 -999 28.843 21.82 20.839 24.471 36.554 31.128 31.436 33.751 -999 -999
-999 -999 63.877 31.315 13.489 11.693 3.5854 0 0 0.39878 0.83264 0.97363 3.7622 6.4868 7.8266 9.9974 21.737 27.521 24.236 24.085 18.04 20.431 18.272 21.25 21.989 25.952 28.89 27.418 30.983 40.641 -999
-999 -999 56.822 31.098 23.563 15.704 9.5166 1.8352 1.1173 0 0 0.33129 0.51832 7.2417 13.672 13.518 15.754 16.54 20.404 18.419 13.322 12.915 20.637 24.224 22.962 22.751 23.236 22.518 45.386 55.218 59.545
-999 -999 63.246 44.443 31.482 8.7694 9.1135 3.8327 2.6389 0 0.48211 0.34276 0.18962 0 7.4375 11.309 11.243 8.2062 15.842 11.272 14.218 13.3 17.762 21.82 25.37 25.76 24.46 25.371 40.264 58.765 64.78
-999 -999 83.297 56.852 41.038 18.54 10.691 5.5959 1.7211 0.26067 0.55708 0.43289 0.10705 0 1.2933 6.1713 5.5555 7.3058 17.433 14.809 17.978 15.507 11.817 18.215 28.08 28.424 23.638 21.468 28.044 56.652 62.498
-999 -999 142.91 68.582 35.785 20.751 9.7337 3.8487 1.9819 0.83548 0.47964 0.13644 10.212 16.174 1.8188 5.596 5.1832 5.6634 10.82 11.003 11.363 13.838 13.056 19.284 24.511 23.329 24.597 24.547 29.415 30.72 38.904
-999 -999 114.14 74.319 35.675 28.083 10.185 2.5243 2.2839 1.0244 0.58541 0.13828 0 2.6792 2.4781 4.6754 4.5835 5.9856 7.1217 9.9128 4.5149 7.6582 10.077 12.999 19.161 22.815 22.566 25.039 20.611 13.5 22.909
-999 -999 -999 97.376 76.567 25.357 14.036 5.9954 2.3797 1.6706 1.736 0.76433 0 0 0.51796 1.3726 4.8979 7.29 11.389 10.219 4.2111 9.6053 8.8641 10.594 10.433 -999 -999 -999 -999 -999 19.009
-999 -999 -999 107.15 60.404 2.001 17.391 10.68 6.7326 3.92 3.0461 0.29866 0 0.38775 1.8488 2.2282 11.056 9.2513 10.79 10.295 3.2311 8.8206 10.573 -999 -999 -999 -999 -999 -999 -999 12.663
-999 -999 -999 -999 -999 34.798 19.024 14.302 3.5312 2.6638 2.0857 3.5508 0.6767 0.52645 3.3523 4.7445 5.2835 6.1822 6.7278 7.2636 -999 -999 -999 -999 -999 -999 -999 -999 -999 -999 -999
-999 -999 -999 -999 -999 -999 -999 -999 8.3709 5.9655 0.61409 5.5211 2.0703 3.8221 0.68128 4.8289 4.5548 5.3904 5.7711 4.4316 -999 -999 -999 -999 -999 -999 -999 -999 -999 -999 -999
-999 -999 -999 -999 -999 -999 -999 9.2307 7.1043 10.51 6.5179 1.2352 2.8501 5.8121 0.92832 2.2514 2.8958 4.0036 -999 -999 -999 -999 -999 -999 -999 -999 -999 -999 -999 -999 -999
-999 -999 -999 -999 -999 -999 45.562 21.483 9.2078 8.2173 4.3282 1.187 1.4053 5.1247 7.7634 1.9702 0.83659 -999 -999 -999 -999 -999 -999 -999 -999 -999 -999 -999 -999 -999 -999
-999 -999 -999 -999 -999 -999 51.658 25.261 16.749 9.7178 8.1727 4.5438 2.2279 5.2797 7.0431 8.6381 2.8005 -999 -999 -999 -999 -999 -999 -999 -999 -999 -999 -999 -999 -999 -999
-999 -999 -999 -999 -999 -999 59.61 33.234 10.784 2.3387 8.1798 5.5052 4.6062 0.62235 1.35 0 0 -999 -999 -999 -999 -999 -999 -999 -999 -999 -999 -999 -999 -999 -999
-999 -999 -999 -999 -999 -999 -999 35.439 20.376 7.3864 8.3666 4.3236 2.3347 1.6959 0 0 0 -999 -999 -999 -999 -999 -999 -999 -999 -999 -999 -999 -999 -999 -999
-999 -999 -999 -999 -999 -999 -999 -999 31.475 20.902 9.3868 6.1333 0.39674 0.84369 0 1.1735 1.0466 -999 -999 -999 -999 -999 -999 -999 -999 -999 -999 -999 -999 -999 -999
-999 -999 -999 -999 -999 -999 -999 69.394 32.291 17.98 5.3825 0.94719 0 0 0 0.4554 2.4143 -999 -999 -999 -999 -999 -999 -999 -999 -999 -999 -999 -999 -999 -999
-999 -999 -999 -999 -999 -999 -999 56.033 44.934 12.047 2.295 2.5089 0.3041 0 0 -999 -999 -999 -999 -999 -999 -999 -999 -999 -999 -999 -999 -999 -999 -999 -999
