PC_RASTER_CASE_STUDY/rain_grids/rn_14448.asc
ncols         31
nrows         25
xllcorner     73.125000
yllcorner     13.125000
cellsize      0.25
NODATA_value  -9999
-999 59.996 6.5256 2.8786 1.1557 2.5655 2.7445 7.9718 -999 -999 -999 -999 -999 -999 -999 -999 -999 -999 -999 -999 -999 -999 -999 -999 -999 -999 -999 -999 -999 -999 -999
-999 43.938 13.077 9.6183 0.9407 0.76981 0.80441 4.2418 7.2626 -999 -999 -999 -999 -999 -999 -999 -999 -999 -999 -999 -999 -999 -999 -999 -999 -999 -999 -999 -999 -999 -999
-999 22.789 17.956 9.5038 0.15142 2.3646 2.4878 4.7956 7.6554 17.911 -999 -999 -999 -999 -999 -999 -999 -999 -999 -999 -999 -999 -999 -999 -999 -999 -999 -999 -999 -999 -999
157.76 41.559 12.844 7.6068 1.5238 1.2076 1.7701 11.252 18.759 18.281 23.347 21.48 -999 -999 -999 -999 -999 -999 -999 -999 -999 -999 -999 -999 -999 -999 -999 -999 -999 -999 -999
-999 135.84 9.206 5.88 2.1901 3.2809 2.0355 9.47 27.888 12.787 18.706 25.491 -999 -999 -999 -999 -999 -999 -999 -999 -999 -999 -999 -999 -999 -999 -999 -999 -999 -999 -999
-999 173.34 18.918 7.8534 1.3818 2.5617 2.7329 2.4479 12.308 17.24 26.997 30.9 26.168 46.167 49.289 -999 -999 -999 -999 -999 -999 -999 -999 -999 1.3467 0.90189 1.3504 2.8676 2.8348 -999 -999
-999 153.48 48.428 7.4101 1.7394 0.3109 2.59 3.403 7.5325 28.223 25.794 20.931 14.244 23.14 50.867 44.005 50.051 44.661 18.278 -999 -999 6.0101 1.641 1.186 0.97726 6.062 9.1195 4.3207 0.79128 -999 -999
-999 -999 33.206 12.333 2.028 2.29 2.675 4.1321 11.103 17.368 18.634 8.8713 10.965 12.853 15.175 13.204 75.66 46.666 25.652 19.301 9.6652 6.3364 2.1935 3.3605 3.148 6.5883 12.815 5.4508 2.5907 1.2861 -999
-999 -999 23.09 6.9017 6.8606 5.3705 5.9731 4.1007 6.6731 7.8561 5.429 7.3352 11.427 17.883 18.39 16.063 55.176 48.409 31.143 20.272 9.5662 0.53019 5.7177 8.5586 2.9012 1.2171 5.8598 9.1149 12.458 11.721 6.9001
-999 -999 50.627 19.908 14.763 9.4607 11.446 4.8394 4.4602 2.5941 3.7676 4.8476 7.845 16.174 9.6656 12.086 33.18 29.146 26.682 27.088 15.124 1.4014 2.455 0.54189 0.56552 0.50147 0.94669 3.7438 11.273 11.317 3.568
-999 -999 87.5 43.407 31.456 24.275 15.693 8.3913 9.2081 1.7123 2.7756 5.8014 7.137 10.01 7.3435 23.897 24.887 21.31 13.384 11.82 2.0182 0.12259 0 0.13641 0.19289 0 0.48344 2.7794 6.0059 0.358 1.5677
-999 -999 177.97 39.295 18.486 17.904 14.806 9.472 12.674 5.273 6.4503 10.952 11.363 12.026 3.7273 25.386 24.42 26.579 29.499 10.437 4.6173 4.4374 1.9841 0.52132 1.9565 0.32704 0.22292 2.7424 1.1247 1.3128 4.1013
-999 -999 70.897 32.686 15.584 12.685 9.9886 11.173 12.267 8.6058 6.0131 12.633 7.8874 11.392 6.2684 19.68 19.596 34.384 40.288 32.152 51.644 34.48 8.4921 8.4963 3.0645 1.0735 1.8038 2.57 0.28234 3.2955 9.1853
-999 -999 -999 40.982 31.836 5.2034 8.4977 7.258 8.2379 12.257 11.95 12.275 11.779 13.269 17.735 0 12.322 22.127 46.209 51.877 59.803 36.203 12.271 8.7755 5.2823 -999 -999 -999 -999 -999 26.142
-999 -999 -999 76.495 30.366 5.8953 6.1982 5.0644 9.0335 13.624 16.269 17.558 12.463 13.631 15.769 14.033 10.806 10.986 45.142 47.482 14.906 22.932 9.5811 -999 -999 -999 -999 -999 -999 -999 16.834
-999 -999 -999 -999 -999 31.246 11.893 9.6396 11.078 11.428 17.01 14.376 3.6366 8.2838 14.017 11.814 7.0582 7.7719 14.992 22.021 -999 -999 -999 -999 -999 -999 -999 -999 -999 -999 -999
-999 -999 -999 -999 -999 -999 -999 -999 3.2967 4.695 8.3986 10.138 7.1868 7.299 5.3952 8.4795 5.6161 3.5723 8.0966 8.8209 -999 -999 -999 -999 -999 -999 -999 -999 -999 -999 -999
-999 -999 -999 -999 -999 -999 -999 6.441 4.2184 5.7779 4.7727 5.5864 6.35 6.802 4.2704 4.1843 2.3524 1.6287 -999 -999 -999 -999 -999 -999 -999 -999 -999 -999 -999 -999 -999
-999 -999 -999 -999 -999 -999 29.861 11.5 9.671 7.403 5.6301 2.6698 4.2236 5.2144 5.6539 4.835 5.207 -999 -999 -999 -999 -999 -999 -999 -999 -999 -999 -999 -999 -999 -999
-999 -999 -999 -999 -999 -999 25.509 14.427 6.1247 5.471 3.9277 3.824 0.45525 1.572 11.561 16.655 12.334 -999 -999 -999 -999 -999 -999 -999 -999 -999 -999 -999 -999 -999 -999
-999 -999 -999 -999 -999 -999 37.629 20.161 3.6864 7.551 4.5009 6.1901 4.5343 4.5151 11.594 8.964 19.794 -999 -999 -999 -999 -999 -999 -999 -999 -999 -999 -999 -999 -999 -999
-999 -999 -999 -999 -999 -999 -999 25.426 22.302 5.4085 9.6357 7.8863 9.1791 13.261 13.896 24.251 23.15 -999 -999 -999 -999 -999 -999 -999 -999 -999 -999 -999 -999 -999 -999
-999 -999 -999 -999 -999 -999 -999 -999 41.223 48.474 8.8398 3.8856 0.25843 8.4315 7 15.959 14.727 -999 -999 -999 -999 -999 -999 -999 -999 -999 -999 -999 -999 -999 -999
-999 -999 -999 -999 -999 -999 -999 96.154 42.249 26.926 2.8774 0.53488 0.26988 0.39787 6.4985 11.854 14.807 -999 -999 -999 -999 -999 -999 -999 -999 -999 -999 -999 -999 -999 -999
-999 -999 -999 -999 -999 -999 -999 55.227 35.108 14.02 2.8695 2.3001 4.8046 0.92703 4.3602 -999 -999 -999 -999 -999 -999 -999 -999 -999 -999 -999 -999 -999 -999 -999 -999
