PC_RASTER_CASE_STUDY/rain_grids/rn_14154.asc
ncols         31
nrows         25
xllcorner     73.125000
yllcorner     13.125000
cellsize      0.25
NODATA_value  -9999
-999 5.5693 4.5335 5.0912 4.3004 7.6704 3.9704 10.383 -999 -999 -999 -999 -999 -999 -999 -999 -999 -999 -999 -999 -999 -999 -999 -999 -999 -999 -999 -999 -999 -999 -999
-999 0.55653 0.34982 0.16323 0.55865 1.324 3.5319 13.419 16.535 -999 -999 -999 -999 -999 -999 -999 -999 -999 -999 -999 -999 -999 -999 -999 -999 -999 -999 -999 -999 -999 -999
-999 0.42841 0.21824 0.50618 1.8351 4.3434 10.452 22.556 10.406 14.823 -999 -999 -999 -999 -999 -999 -999 -999 -999 -999 -999 -999 -999 -999 -999 -999 -999 -999 -999 -999 -999
0 0.24465 0.78043 1.2973 8.0025 7.3053 9.6572 9.3653 4.8573 5.7273 4.4125 6.1765 -999 -999 -999 -999 -999 -999 -999 -999 -999 -999 -999 -999 -999 -999 -999 -999 -999 -999 -999
-999 0.73826 1.5013 13.63 21.901 18.786 12.14 6.6852 0.73935 1.9576 10.296 14.2 -999 -999 -999 -999 -999 -999 -999 -999 -999 -999 -999 -999 -999 -999 -999 -999 -999 -999 -999
-999 1.9173 2.8512 20.009 34.735 24.707 11.857 5.9275 4.4033 10.593 21.186 22.974 20.117 34.592 21.694 -999 -999 -999 -999 -999 -999 -999 -999 -999 13.042 12.046 24.515 23.635 34.974 -999 -999
-999 5.0768 3.3451 41.206 26.425 28.453 13.26 8.117 8.6656 17.642 53.371 37.063 37.881 38.378 37.108 22.688 0.59435 25.149 10.2 -999 -999 10.597 10.595 5.9514 9.5778 19.789 37.511 43.88 54.519 -999 -999
-999 -999 13.508 25.778 21.918 21.793 25.301 16.704 18.919 40.959 67.648 54.577 42.875 29.254 41.169 17.85 16.023 4.2544 11.634 13.815 3.5981 12.738 19.693 14.6 25.064 41.072 44.601 50.257 54.172 54.744 -999
-999 -999 18.824 24.844 29.272 33.902 32.797 26.592 31.245 62.2 52.819 89.291 71.232 42.016 36.164 21.68 16.005 15.117 8.289 8.4968 8.8785 14.869 23.302 27.439 39.598 48.872 50.679 56.88 92.479 110.72 85.523
-999 -999 40.518 25.683 34.749 33.413 42.232 46.485 53.461 71.737 109.05 100.5 90.486 68.477 41.333 21.49 19.228 24.237 29.065 25.459 25.947 30.634 45.016 26.393 46.323 54.788 46.67 44.81 77.701 120.28 81.075
-999 -999 32.171 20.075 64.869 51.802 43.46 68.282 82.769 95.298 151.21 124.94 96.551 80.36 86.467 99.964 33.229 38.094 61.269 74.592 107.28 71.635 77.164 55.972 65.908 63.045 47.444 35.587 42.088 79.753 76.65
-999 -999 44.733 31.081 40.339 45.462 88.492 67.509 25.941 94.543 81.268 66.698 67.433 60.047 65.132 40.902 21.001 57.835 144.78 165.17 128.47 11.827 47.752 65.062 58.833 50.712 55.512 23.838 25.041 12.594 0.32089
-999 -999 61.348 36.441 57.273 5.0702 98.914 59.409 39.834 81.222 101.99 67.373 85.099 101.2 85.153 49.059 67.036 68.022 148.19 206.18 208.12 98.669 78.06 83.017 54.25 53.655 31.078 18.917 13.391 22.354 0
-999 -999 -999 42.246 48.858 61.509 66.067 0 56.496 56.779 67.781 78.159 66.245 89.371 81.444 84.726 112.96 117.54 176.1 189.53 185.7 147.73 82.787 69.242 40.172 -999 -999 -999 -999 -999 0
-999 -999 -999 33.666 31.271 101.12 60.427 53.873 56.088 43.298 62.017 101.44 60.75 75.896 110.72 118.19 161.56 155.44 175.47 173.55 31.785 73.46 38.183 -999 -999 -999 -999 -999 -999 -999 0
-999 -999 -999 -999 -999 30.724 32.719 38 40.371 68.451 53.312 68.719 56.799 111.74 88.729 119.32 123.88 93.156 73.61 59.284 -999 -999 -999 -999 -999 -999 -999 -999 -999 -999 -999
-999 -999 -999 -999 -999 -999 -999 -999 38.956 69.813 49.823 61.165 82.987 84.141 80.231 131.19 102.82 56.341 44.913 12.197 -999 -999 -999 -999 -999 -999 -999 -999 -999 -999 -999
-999 -999 -999 -999 -999 -999 -999 35.529 54.361 35.285 42.445 75.333 97.024 93.794 66.195 64.666 42.6 33.183 -999 -999 -999 -999 -999 -999 -999 -999 -999 -999 -999 -999 -999
-999 -999 -999 -999 -999 -999 23.16 25.935 39.527 43.234 47.578 29.665 75.991 53.181 35.184 30.932 22.463 -999 -999 -999 -999 -999 -999 -999 -999 -999 -999 -999 -999 -999 -999
-999 -999 -999 -999 -999 -999 24.179 17.105 28.787 57.974 42.61 38.793 18.65 37.655 22.224 14.171 13.051 -999 -999 -999 -999 -999 -999 -999 -999 -999 -999 -999 -999 -999 -999
-999 -999 -999 -999 -999 -999 21.027 20.624 27.325 14.421 22.587 20.149 22.559 15.189 14.709 0.15017 5.4187 -999 -999 -999 -999 -999 -999 -999 -999 -999 -999 -999 -999 -999 -999
-999 -999 -999 -999 -999 -999 -999 23.875 23.887 14.816 22.145 21.687 2.7479 6.9751 8.7379 6.4192 5.1443 -999 -999 -999 -999 -999 -999 -999 -999 -999 -999 -999 -999 -999 -999
-999 -999 -999 -999 -999 -999 -999 -999 17.869 17.408 13.105 9.9925 5.2663 6.1988 6 5.5423 1.3396 -999 -999 -999 -999 -999 -999 -999 -999 -999 -999 -999 -999 -999 -999
-999 -999 -999 -999 -999 -999 -999 18.141 15.455 16.235 5.3085 2.5655 0.74988 3.6735 3.3538 8.4 6.689 -999 -999 -999 -999 -999 -999 -999 -999 -999 -999 -999 -999 -999 -999
-999 -999 -999 -999 -999 -999 -999 17.833 6.6556 24.397 3.6185 3.1309 0 2.7601 0.60429 -999 -999 -999 -999 -999 -999 -999 -999 -999 -999 -999 -999 -999 -999 -999 -999
