PC_RASTER_CASE_STUDY/rain_grids/rn_10139.asc
ncols         31
nrows         25
xllcorner     73.125000
yllcorner     13.125000
cellsize      0.25
NODATA_value  -9999
-999 32.099 16.394 16.107 38.959 27.654 34.34 13.047 -999 -999 -999 -999 -999 -999 -999 -999 -999 -999 -999 -999 -999 -999 -999 -999 -999 -999 -999 -999 -999 -999 -999
-999 42.056 79.543 52.553 78.025 72.664 56.502 25.968 23.681 -999 -999 -999 -999 -999 -999 -999 -999 -999 -999 -999 -999 -999 -999 -999 -999 -999 -999 -999 -999 -999 -999
-999 9.4475 29.144 43.75 40.111 28.83 36.949 35.326 29.232 31.833 -999 -999 -999 -999 -999 -999 -999 -999 -999 -999 -999 -999 -999 -999 -999 -999 -999 -999 -999 -999 -999
28.038 9.4965 15.087 19.403 18.91 8.8032 17.148 13.829 11.535 24.341 23.119 22.937 -999 -999 -999 -999 -999 -999 -999 -999 -999 -999 -999 -999 -999 -999 -999 -999 -999 -999 -999
-999 30.275 8.6733 10.648 22.188 8.0475 5.6764 6.761 1.7123 23.508 29.221 29.209 -999 -999 -999 -999 -999 -999 -999 -999 -999 -999 -999 -999 -999 -999 -999 -999 -999 -999 -999
-999 14.111 9.2014 15.214 57.59 19.821 39.585 21.765 5.6228 10.762 20.156 15.837 32.917 33.086 22.263 -999 -999 -999 -999 -999 -999 -999 -999 -999 0.15424 0.15841 5.555 35.903 16.073 -999 -999
-999 10.892 16.042 77.432 27.683 2.0452 52.472 25.224 5.0668 12.374 10.288 11.703 28.663 12.969 20.687 18.564 23.833 1.1543 0 -999 -999 32.42 19.021 20.357 5.0757 5.4786 16.232 16.116 5.1363 -999 -999
-999 -999 4.3524 38.73 34.097 14.913 10.57 9.2078 12.312 17.743 10.129 13.802 14.519 58.371 15.4 43.167 70.206 39.651 14.891 33.358 45.348 43.631 39.583 38.371 71.127 48.586 52.405 29.2 16.176 9.2091 -999
-999 -999 2.4307 20.251 29.585 37.151 20.769 10.143 13.985 23.681 8.1008 17.57 29.091 33.812 21.546 9.2215 51.222 57.658 15.985 26.916 42.905 44.7 54.498 54.32 74.982 71.724 50.892 33.659 26.517 32.414 6.1236
-999 -999 6.0091 11.627 25.496 52.413 31.805 8.8305 8.9795 0.58086 4.145 2.8988 18.516 13.84 18.486 4.8833 17.766 67.91 18.348 31.923 35.737 41.422 76.095 97.012 71.191 69.453 82.538 18.915 12.121 14.143 1.5087
-999 -999 15.546 3.0842 26.483 78.271 36.468 14.144 15.113 19.688 5.5081 3.2874 16.419 12.792 1.1683 15.273 9.9928 9.7945 2.9936 12.442 44.331 75.066 96.069 55.786 30.926 41.335 64.264 12.5 9.7404 28.842 23.146
-999 -999 47.759 17.815 3.0977 3.6096 2.1971 6.9846 30.06 14.763 4.6422 10.821 17.801 7.2184 20.704 8.5482 13.152 5.9562 10.123 30.467 29.92 110.14 73.761 28.869 21.501 26.677 29.128 22.107 29.115 39.009 30.981
-999 -999 17.209 24.508 3.0336 1.7501 0 0 23.104 11.74 1.1198 3.8452 27.27 21.107 29.393 0.3401 4.2213 1.889 0.1226 26.346 75.321 103.3 47.113 25.844 19.079 19.755 19.879 24.649 43.543 23.554 5.7003
-999 -999 -999 2.6093 0 0 0.60365 38.6 5.388 7.2564 0.40835 5.1367 0.98334 4.5493 2.641 0 3.4251 1.7841 0.12829 1.0151 20.943 59.916 32.115 21.131 16.403 -999 -999 -999 -999 -999 5.3071
-999 -999 -999 24.105 7.1063 1.1078 0.16319 2.3027 29.735 9.8638 24.826 0.61008 0.89406 4.3339 24.12 17.107 1.8183 0 0 0.16672 0 4.3404 14.661 -999 -999 -999 -999 -999 -999 -999 9.4697
-999 -999 -999 -999 -999 0 6.1469 7.2 24.717 8.0454 18.628 17.424 16.718 6.6758 2.4476 5.9858 4.7578 3.6768 6.6878 2.5858 -999 -999 -999 -999 -999 -999 -999 -999 -999 -999 -999
-999 -999 -999 -999 -999 -999 -999 -999 7.4337 29.558 40.026 33.422 0.66672 0.89957 33.687 3.3029 3.5547 2.9486 5.7171 2.952 -999 -999 -999 -999 -999 -999 -999 -999 -999 -999 -999
-999 -999 -999 -999 -999 -999 -999 0 3.2134 9.9929 37.834 26.05 19.291 16.362 33.704 5.8904 8.9755 4.4838 -999 -999 -999 -999 -999 -999 -999 -999 -999 -999 -999 -999 -999
-999 -999 -999 -999 -999 -999 0.91306 0 0.42524 1.4843 14.93 9.9458 79.246 31.941 25.879 10.596 18.812 -999 -999 -999 -999 -999 -999 -999 -999 -999 -999 -999 -999 -999 -999
-999 -999 -999 -999 -999 -999 0.27065 0 0 0 1.6344 27.406 15.941 30.192 20.433 16.041 25.783 -999 -999 -999 -999 -999 -999 -999 -999 -999 -999 -999 -999 -999 -999
-999 -999 -999 -999 -999 -999 4.0417 4.5399 4.7407 0 10.105 0.30181 3.8881 8.2109 1.1454 10.616 1.6842 -999 -999 -999 -999 -999 -999 -999 -999 -999 -999 -999 -999 -999 -999
-999 -999 -999 -999 -999 -999 -999 2.0017 18.534 8.0574 5.2127 3.5683 31.641 1.3883 2.499 1.3227 2.554 -999 -999 -999 -999 -999 -999 -999 -999 -999 -999 -999 -999 -999 -999
-999 -999 -999 -999 -999 -999 -999 -999 21.879 20.994 33.538 0.16143 9.0284 3.8009 0 2.0849 0 -999 -999 -999 -999 -999 -999 -999 -999 -999 -999 -999 -999 -999 -999
-999 -999 -999 -999 -999 -999 -999 32.642 18.627 35.973 1.8929 11.908 4.6938 1.5603 7.0665 0 0.57278 -999 -999 -999 -999 -999 -999 -999 -999 -999 -999 -999 -999 -999 -999
-999 -999 -999 -999 -999 -999 -999 21.244 21.19 30.124 5.5289 15.539 10.92 0.72518 2.6963 -999 -999 -999 -999 -999 -999 -999 -999 -999 -999 -999 -999 -999 -999 -999 -999
