PC_RASTER_CASE_STUDY/rain_grids/rn_10774.asc
ncols         31
nrows         25
xllcorner     73.125000
yllcorner     13.125000
cellsize      0.25
NODATA_value  -9999
-999 7.9115 10.787 8.0163 11.552 15.145 12.053 11.857 -999 -999 -999 -999 -999 -999 -999 -999 -999 -999 -999 -999 -999 -999 -999 -999 -999 -999 -999 -999 -999 -999 -999
-999 3.3436 4.5986 14.21 12.219 13.003 11.781 15.954 18.773 -999 -999 -999 -999 -999 -999 -999 -999 -999 -999 -999 -999 -999 -999 -999 -999 -999 -999 -999 -999 -999 -999
-999 1.1468 4.2065 14.868 28.225 11.882 14.329 29.908 19.007 11.769 -999 -999 -999 -999 -999 -999 -999 -999 -999 -999 -999 -999 -999 -999 -999 -999 -999 -999 -999 -999 -999
13.109 1.4267 3.3326 3.3299 10.116 0.62898 8.5845 12.821 12.466 14.641 11.174 9.7427 -999 -999 -999 -999 -999 -999 -999 -999 -999 -999 -999 -999 -999 -999 -999 -999 -999 -999 -999
-999 4.3571 1.2168 1.6585 2.233 0.92467 4.0479 7.1909 7.5923 9.4921 6.9513 3.0794 -999 -999 -999 -999 -999 -999 -999 -999 -999 -999 -999 -999 -999 -999 -999 -999 -999 -999 -999
-999 18.284 7.5049 4.6725 5.9469 2.2126 2.3475 4.5824 8.1089 7.3553 2.6029 1.9953 6.6893 11.819 16.593 -999 -999 -999 -999 -999 -999 -999 -999 -999 69.575 59.849 45.842 17.668 6.1448 -999 -999
-999 15.591 8.815 9.4514 7.4779 2.3849 1.8659 4.9017 4.7433 4.7235 8.7245 4.469 18.866 24.284 52.122 30.636 49.527 47.832 32.499 -999 -999 4.0475 1.666 9.5476 31.459 48.246 41.545 10.949 3.9215 -999 -999
-999 -999 3.7421 6.7465 8.2913 4.7238 4.9303 7.4618 3.4672 3.2322 7.2854 7.9186 21.348 17.147 46.4 35.078 45.853 107.62 81.962 66.036 12.465 10.194 7.8088 21.249 19.915 19.753 16.002 5.3101 4.5181 7.9051 -999
-999 -999 1.6794 0.76446 2.1067 5.7057 5.3694 10.112 9.8779 4.0902 4.6194 6.374 8.2273 16.915 26.89 38.522 47.286 61.466 71.603 48.384 21.366 36.258 34.968 41.21 20.086 9.9153 12.531 6.1613 26.505 9.1029 9.2151
-999 -999 2.872 0.47056 1.0873 6.6318 2.4128 8.0879 8.3204 2.3491 0.67586 1.4158 32.774 10.715 35.236 32.035 31.355 39.57 65.499 38.362 45.223 43.035 33.757 29.138 16.544 10.428 25.801 45.045 70.928 14.571 9.5428
-999 -999 27.253 4.9435 2.714 2.935 1.2903 1.4147 0.248 9.1709 3.6352 1.507 11.87 9.2268 18.629 26.421 24.886 58.388 99.37 89.728 72.587 68.178 42.846 25.477 16.197 16.967 25.574 44.112 61.782 5.8518 5.416
-999 -999 79.496 3.34 1.5509 1.2047 3.0958 2.5166 9.9043 1.1008 10.745 3.5313 2.6907 6.2971 25.481 32.106 14.875 46.225 124.14 118.03 74.049 56.036 37.18 26.861 12.001 22.282 18.164 32.962 8.0974 7.176 14.086
-999 -999 21.182 0.58956 0 0 0.78476 0 3.65 1.812 3.652 1.2811 6.2229 1.5109 4.6539 17.842 38.175 49.027 115.12 161.29 79.36 53.959 25.064 14.851 13.261 16.49 24.336 25.68 8.1709 7.6076 18.127
-999 -999 -999 1.7685 5.876 0 0 0 0 0 0.13258 0.99395 0 0 8.5975 14 34.748 63.962 78.969 69.041 58.946 16.929 11.721 11.151 8.4473 -999 -999 -999 -999 -999 26.692
-999 -999 -999 27.15 52.588 0 0 0 0.42373 0 0 0 0 0.51306 1.1009 17.238 26.73 63.974 89.994 75.615 20.678 11.054 17.145 -999 -999 -999 -999 -999 -999 -999 26.33
-999 -999 -999 -999 -999 0.23939 5.29 0 9.6103 15.43 1.0906 3.8986 2.5179 0.47633 19.372 18.099 23.998 32.106 31.676 30.632 -999 -999 -999 -999 -999 -999 -999 -999 -999 -999 -999
-999 -999 -999 -999 -999 -999 -999 -999 3.9671 32.558 8.7104 6.0992 31.861 5.6863 0.72663 4.204 15.556 22.955 22.862 20.964 -999 -999 -999 -999 -999 -999 -999 -999 -999 -999 -999
-999 -999 -999 -999 -999 -999 -999 2.1321 2.5048 10.359 9.6752 8.4606 15.682 7.9246 0 1.4332 15.52 21.775 -999 -999 -999 -999 -999 -999 -999 -999 -999 -999 -999 -999 -999
-999 -999 -999 -999 -999 -999 9.2827 7.3678 2.1693 0.68161 2.2492 3.1067 3.0728 12.321 9.5153 1.6731 11.884 -999 -999 -999 -999 -999 -999 -999 -999 -999 -999 -999 -999 -999 -999
-999 -999 -999 -999 -999 -999 10.984 5.9965 9.223 8.5986 0 2.7854 0 3.2329 5.7168 5.7606 4.8819 -999 -999 -999 -999 -999 -999 -999 -999 -999 -999 -999 -999 -999 -999
-999 -999 -999 -999 -999 -999 13.716 7.2983 8.2533 1.3551 8.4778 1.5707 0.97158 0.23703 0 11.731 1.672 -999 -999 -999 -999 -999 -999 -999 -999 -999 -999 -999 -999 -999 -999
-999 -999 -999 -999 -999 -999 -999 14.135 9.3945 7.5859 5.3488 1.0221 0.19537 0 0.54643 1.5673 0.99582 -999 -999 -999 -999 -999 -999 -999 -999 -999 -999 -999 -999 -999 -999
-999 -999 -999 -999 -999 -999 -999 -999 12.954 13.052 6.1066 4.4682 2.9681 0 2.2 0.58063 0.23042 -999 -999 -999 -999 -999 -999 -999 -999 -999 -999 -999 -999 -999 -999
-999 -999 -999 -999 -999 -999 -999 16.46 13.476 7.3937 4.4035 0 0 0.48005 0.49229 0 1.9517 -999 -999 -999 -999 -999 -999 -999 -999 -999 -999 -999 -999 -999 -999
-999 -999 -999 -999 -999 -999 -999 25.429 25.303 24 0 0.81484 0.52906 1.9141 2.1824 -999 -999 -999 -999 -999 -999 -999 -999 -999 -999 -999 -999 -999 -999 -999 -999
