PC_RASTER_CASE_STUDY/rain_grids/rn_14456.asc
ncols         31
nrows         25
xllcorner     73.125000
yllcorner     13.125000
cellsize      0.25
NODATA_value  -9999
-999 31.211 3.2358 1.4071 0.48509 0 0 0 -999 -999 -999 -999 -999 -999 -999 -999 -999 -999 -999 -999 -999 -999 -999 -999 -999 -999 -999 -999 -999 -999 -999
-999 25.061 3.5136 3.5481 1.5375 4.7488 8.9892 8.5768 5.9461 -999 -999 -999 -999 -999 -999 -999 -999 -999 -999 -999 -999 -999 -999 -999 -999 -999 -999 -999 -999 -999 -999
-999 4.8354 3.9389 5.4082 7.5738 11.863 17.096 20.218 12.034 5.2271 -999 -999 -999 -999 -999 -999 -999 -999 -999 -999 -999 -999 -999 -999 -999 -999 -999 -999 -999 -999 -999
67.251 18.649 7.5834 6.4148 8.0515 4.8391 13.343 17.793 17.464 20.783 17.6 13.996 -999 -999 -999 -999 -999 -999 -999 -999 -999 -999 -999 -999 -999 -999 -999 -999 -999 -999 -999
-999 49.63 5.0017 5.7709 3.31 3.4418 8.7536 14.298 18.452 35.191 21.443 9.5291 -999 -999 -999 -999 -999 -999 -999 -999 -999 -999 -999 -999 -999 -999 -999 -999 -999 -999 -999
-999 46.545 3.0112 1.094 1.9427 3.3415 16.682 12.543 16.278 22.466 18.22 17.803 14.659 4.3199 3.5525 -999 -999 -999 -999 -999 -999 -999 -999 -999 66.596 106.94 111.12 127.69 89.609 -999 -999
-999 46.819 9.4361 5.5882 5.1676 2.2776 18.761 13.044 10.318 25.621 15.522 26.837 21.514 14.239 4.6197 3.5954 1.5413 1.251 6.1118 -999 -999 6.8193 13.611 16.529 37.742 82.899 66.553 49.428 39.126 -999 -999
-999 -999 22.315 4.4951 6.4951 4.1713 11.312 12.184 14.765 16.467 17.404 38.26 26.712 18.14 38.474 29.728 3.289 1.445 4.2111 4.5144 6.5551 8.8933 11.38 13.965 12.743 42.039 49.112 34.43 29.092 40.984 -999
-999 -999 9.9299 3.0127 6.1532 3.0383 6.2467 11.299 12.351 7.1564 8.5031 25.107 36.266 24.986 31.306 16.945 8.5157 7.8626 4.1999 5.9983 4.5845 1.9316 9.6622 11.682 8.0048 8.1224 13.684 15.229 13.304 15.48 19.368
-999 -999 28.373 14.14 18.625 6.5368 4.7381 8.6411 6.9511 0.339 5.1171 8.5022 18.082 4.0163 11.772 12.709 17.216 20.822 1.5644 1.3571 2.657 1.078 3.3546 0.70127 2.8831 5.0253 4.4781 4.7503 9.1862 8.4808 3.143
-999 -999 58.968 19.224 15.35 9.6027 2.2724 1.2402 3.0694 2.0112 3.7012 6.6511 11.932 15.145 30.668 39.816 18.589 11.501 2.5429 1.5856 0 0.17059 0 0 1.4004 2.0257 1.1656 1.5857 4.8635 0.82137 0.28615
-999 -999 150.14 57.263 28.358 31.433 11.665 10.827 10.606 5.5092 5.5597 3.8126 10.913 18.756 26.55 14.882 5.7146 3.3329 3.0174 0.2692 0.17794 0.348 0.15262 0.63022 1.657 3.4528 0.33928 2.4559 2.9179 2.9412 1.3425
-999 -999 139.47 66.096 28.698 24.757 7.1511 5.0116 3.9788 4.3157 5.3307 2.8277 0.7613 5.9942 17.597 15.627 9.0275 4.0914 5.1347 2.6537 5.0611 8.6279 0.52618 0.60697 1.3226 2.0401 2.2579 2.6812 0.19611 0.84096 1.269
-999 -999 -999 57.74 48.409 13.379 7.1585 2.7277 2.4833 0.4933 1.037 0.67676 0.96708 0.66474 2.7855 4.5841 4.4666 4.4894 17.106 18.87 13.02 17.786 1.9142 0.38524 0 -999 -999 -999 -999 -999 1.48
-999 -999 -999 43.822 29.49 4.8544 6.6778 1.4098 1.0554 0.95119 0.69894 0 0 0 0.21442 2.344 3.0874 5.7328 15.024 18.3 18.042 18.447 1.7822 -999 -999 -999 -999 -999 -999 -999 2.5967
-999 -999 -999 -999 -999 15.952 3.2599 3.4913 0.96955 0.55261 0.42879 0 0 0 0 0.66355 19.444 14.326 3.5342 15.924 -999 -999 -999 -999 -999 -999 -999 -999 -999 -999 -999
-999 -999 -999 -999 -999 -999 -999 -999 1.4987 2.8388 0.99918 0.12886 0 0 0 1.6475 16.627 9.085 3.3688 15.114 -999 -999 -999 -999 -999 -999 -999 -999 -999 -999 -999
-999 -999 -999 -999 -999 -999 -999 1.4543 0.79839 4.3822 1.5315 0.84516 0.12314 0.31704 1.9616 5.6922 0.71827 0 -999 -999 -999 -999 -999 -999 -999 -999 -999 -999 -999 -999 -999
-999 -999 -999 -999 -999 -999 34.431 10.948 4.7272 4.241 1.4246 4.727 0.62679 4.2294 4.0668 8.308 1.0214 -999 -999 -999 -999 -999 -999 -999 -999 -999 -999 -999 -999 -999 -999
-999 -999 -999 -999 -999 -999 43.136 23.475 3.0786 0.25651 3.458 6.372 0.80831 0.46592 1.4257 0.91088 0.48939 -999 -999 -999 -999 -999 -999 -999 -999 -999 -999 -999 -999 -999 -999
-999 -999 -999 -999 -999 -999 85.804 29.136 8.1367 1.2661 5.43 10.925 9.09 0.27883 0.11307 4.5547 2.8267 -999 -999 -999 -999 -999 -999 -999 -999 -999 -999 -999 -999 -999 -999
-999 -999 -999 -999 -999 -999 -999 47.305 25.934 4.4645 3.1969 4.5357 8.3179 7.9414 3.9743 3.0637 1.9912 -999 -999 -999 -999 -999 -999 -999 -999 -999 -999 -999 -999 -999 -999
-999 -999 -999 -999 -999 -999 -999 -999 49.746 37.614 17.941 11.546 3.1172 5.5404 1.6 2.3645 1.0074 -999 -999 -999 -999 -999 -999 -999 -999 -999 -999 -999 -999 -999 -999
-999 -999 -999 -999 -999 -999 -999 122.6 58.447 37.154 9.3912 6.4588 6.837 15.187 4.3466 3.9453 10.314 -999 -999 -999 -999 -999 -999 -999 -999 -999 -999 -999 -999 -999 -999
-999 -999 -999 -999 -999 -999 -999 128.64 81.908 30.573 17.28 23.496 15.872 8.8784 4.0434 -999 -999 -999 -999 -999 -999 -999 -999 -999 -999 -999 -999 -999 -999 -999 -999
