PC_RASTER_CASE_STUDY/rain_grids/rn_11239.asc
ncols         31
nrows         25
xllcorner     73.125000
yllcorner     13.125000
cellsize      0.25
NODATA_value  -9999
-999 44.85 57.434 39.339 38.216 50.751 55.784 80.365 -999 -999 -999 -999 -999 -999 -999 -999 -999 -999 -999 -999 -999 -999 -999 -999 -999 -999 -999 -999 -999 -999 -999
-999 52.908 61.297 38.66 31.534 37.386 50.663 80.268 72.555 -999 -999 -999 -999 -999 -999 -999 -999 -999 -999 -999 -999 -999 -999 -999 -999 -999 -999 -999 -999 -999 -999
-999 38.906 25.828 23.204 30.338 77.198 82.009 57.706 45.071 35.095 -999 -999 -999 -999 -999 -999 -999 -999 -999 -999 -999 -999 -999 -999 -999 -999 -999 -999 -999 -999 -999
20.081 35.379 35.734 24.444 61.529 60.209 76.447 72.577 80.522 43.684 16.614 13.732 -999 -999 -999 -999 -999 -999 -999 -999 -999 -999 -999 -999 -999 -999 -999 -999 -999 -999 -999
-999 42.346 17.039 17.605 31.678 27.135 52.049 102.3 119.96 88.912 47.012 29.186 -999 -999 -999 -999 -999 -999 -999 -999 -999 -999 -999 -999 -999 -999 -999 -999 -999 -999 -999
-999 19.855 9.8633 11.113 27.223 19.46 29.66 66.683 92.093 80.409 38.348 32.508 26.885 11.853 10.413 -999 -999 -999 -999 -999 -999 -999 -999 -999 4.3181 3.3501 6.3682 6.7506 9.7126 -999 -999
-999 12.682 15.424 38.13 18.934 3.8942 15.262 41.314 68.712 85.837 50.644 35.091 13.767 4.7606 1.2751 10.638 11.654 29.098 4.3571 -999 -999 11.106 10.249 13.89 8.7948 3.9927 7.7473 7.4137 4.8347 -999 -999
-999 -999 27.799 26.405 14.605 7.4049 16.418 23.228 53.549 53.885 42.172 41.106 17.293 9.1274 11.887 14.588 8.6477 19.676 16.892 16.665 15.097 13.372 8.8887 19.551 17.053 7.777 5.9931 5.866 2.0366 0.85595 -999
-999 -999 29.748 43.283 47.248 24.132 26.562 28.764 45.883 50.286 45.47 27.457 35.688 16.773 15.027 9.0361 13.459 18.823 21.632 11.403 14.22 15.496 25.051 30.47 13.934 4.0644 6.487 7.6629 2.4895 0.73257 5.7554
-999 -999 22.43 40.278 55.023 30.177 42.767 30.253 47.338 19.379 19.126 25.757 31.232 25.705 7.9368 7.0517 25.553 13.845 27.593 6.9855 10.925 14.591 24.282 23.489 14.153 6.8181 7.7977 12.37 9.3954 12.786 8.5606
-999 -999 14.491 18.569 10.925 43.642 4.0293 20.761 77.033 30.27 30.99 24.126 35.047 24.959 50.842 20.121 15.069 28.164 36.237 34.543 6.4296 7.1694 20.549 19.22 14.225 11.645 11.321 20.777 14.215 21.775 22.398
-999 -999 2.0609 2.8697 2.9336 2.1859 21.174 18.017 23.595 52.088 27.017 23.815 18.808 28.264 19.137 30.046 21.227 8.0279 34.223 13.526 5.8331 8.0528 8.4706 13.671 15.473 14.261 8.9228 15.946 15.396 15.969 9.2346
-999 -999 6.8196 5.5805 3.0229 0.75879 3.5503 8.0992 17.238 6.617 15.795 9.9906 22.912 12.066 27.104 24.579 14.827 4.5058 8.1798 7.0053 7.464 8.0872 9.1697 10.695 14.524 12.453 5.1737 7.7416 19.446 12.89 10.297
-999 -999 -999 28.719 2.786 2.6058 1.6305 7.6 11.851 13.566 9.1396 14.052 8.6694 5.6808 5.8221 7 1.3254 6.3688 8.2542 7.4632 8.298 8.3176 9.6843 10.412 13.796 -999 -999 -999 -999 -999 6.3374
-999 -999 -999 8.5014 5.2728 3.1154 0.65055 4.4629 22.982 3.5523 6.2786 6.9425 10.121 23.85 1.1764 8.8973 11.485 6.6771 8.4489 8.3217 7.3912 7.7982 8.4634 -999 -999 -999 -999 -999 -999 -999 6.8778
-999 -999 -999 -999 -999 10.171 0.26694 7.6 18.223 23.839 2.185 6.752 8.4579 2.7003 6.1338 8.934 10.33 8.8195 10.777 9.2408 -999 -999 -999 -999 -999 -999 -999 -999 -999 -999 -999
-999 -999 -999 -999 -999 -999 -999 -999 0.51969 17.868 26.812 9.2301 7.613 5.4766 0 0.5416 1.3186 2.7277 8.3657 8.4909 -999 -999 -999 -999 -999 -999 -999 -999 -999 -999 -999
-999 -999 -999 -999 -999 -999 -999 0 1.4181 4.1649 10.388 14.353 2.4622 2.6905 4.4259 0.77694 1.2766 0.28708 -999 -999 -999 -999 -999 -999 -999 -999 -999 -999 -999 -999 -999
-999 -999 -999 -999 -999 -999 12.868 0 1.9437 3.7731 0.64161 0 0 0 1.2737 3.7738 0.77871 -999 -999 -999 -999 -999 -999 -999 -999 -999 -999 -999 -999 -999 -999
-999 -999 -999 -999 -999 -999 18.486 5.4096 1.7292 0.82544 0.66596 1.9525 0 4.6642 1.1738 1.959 0 -999 -999 -999 -999 -999 -999 -999 -999 -999 -999 -999 -999 -999 -999
-999 -999 -999 -999 -999 -999 9.3997 5.0214 6.3995 8.0018 3.8049 9.9373 2.5462 0.33816 0 0 0 -999 -999 -999 -999 -999 -999 -999 -999 -999 -999 -999 -999 -999 -999
-999 -999 -999 -999 -999 -999 -999 0.30445 2.7853 0.14407 1.1435 2.034 0.33117 0 0 0 0 -999 -999 -999 -999 -999 -999 -999 -999 -999 -999 -999 -999 -999 -999
-999 -999 -999 -999 -999 -999 -999 -999 6.7481 0.22515 0.25811 0 0 0 0 2.6129 0 -999 -999 -999 -999 -999 -999 -999 -999 -999 -999 -999 -999 -999 -999
-999 -999 -999 -999 -999 -999 -999 11.716 9.9533 3.3634 0.86066 0 0.64817 6.1654 0 0 1.5559 -999 -999 -999 -999 -999 -999 -999 -999 -999 -999 -999 -999 -999 -999
-999 -999 -999 -999 -999 -999 -999 30.547 10.247 13.062 0 0 0 0 2.4885 -999 -999 -999 -999 -999 -999 -999 -999 -999 -999 -999 -999 -999 -999 -999 -999
