PC_RASTER_CASE_STUDY/rain_grids/rn_13597.asc
ncols         31
nrows         25
xllcorner     73.125000
yllcorner     13.125000
cellsize      0.25
NODATA_value  -9999
-999 0 0 0 0 0.15957 1.4068 0.28875 -999 -999 -999 -999 -999 -999 -999 -999 -999 -999 -999 -999 -999 -999 -999 -999 -999 -999 -999 -999 -999 -999 -999
-999 0 0 0 0 0.41425 1.5928 0.71773 0 -999 -999 -999 -999 -999 -999 -999 -999 -999 -999 -999 -999 -999 -999 -999 -999 -999 -999 -999 -999 -999 -999
-999 0 0 2.3671 0.16842 0.11738 0.42968 1.4025 0.17948 0 -999 -999 -999 -999 -999 -999 -999 -999 -999 -999 -999 -999 -999 -999 -999 -999 -999 -999 -999 -999 -999
0 0 6.8124 5.1899 1.5694 0.38788 1.0014 3.6624 1.9265 0 0 0 -999 -999 -999 -999 -999 -999 -999 -999 -999 -999 -999 -999 -999 -999 -999 -999 -999 -999 -999
-999 3.4253 9.9238 8.9999 5.5328 7.8104 2.1973 6.0403 1.8739 1.9717 0 0 -999 -999 -999 -999 -999 -999 -999 -999 -999 -999 -999 -999 -999 -999 -999 -999 -999 -999 -999
-999 7.0175 9.0006 9.9694 5.1258 14.125 9.8305 4.6654 16.99 14.066 0 0.30217 0 30.577 69.708 -999 -999 -999 -999 -999 -999 -999 -999 -999 7.9122 7.881 8.7542 11.509 12.893 -999 -999
-999 8.0553 10.597 9.6694 7.1439 39.645 15.766 0 1.1858 1.6685 5.0612 4.8047 8.6387 8.6306 14.911 35.567 48.203 29.743 16.45 -999 -999 51.686 36.034 15.619 9.2906 8.5532 7.6332 8.9241 12.628 -999 -999
-999 -999 12.605 29.156 10.403 28.089 7.7039 0 0 1.185 7.5353 8.2099 11.576 2.0898 34.7 37.223 52.84 69.846 40.796 53.458 67.473 59.473 46.639 31.529 14.619 9.6383 5.6264 6.6722 13.48 14.423 -999
-999 -999 3.6127 2.6839 1.8128 3.3984 0.44262 4.3334 3.5039 2.7335 5.2961 14.089 27.747 12.533 16.337 28.381 58.408 46.875 29.492 55.047 66.776 60.061 43.543 31.019 24.347 13.457 5.9386 3.5301 9.332 13.204 16.974
-999 -999 7.9072 0.47914 0 0.19352 7.7184 15.341 14.462 21.323 34.8 47.106 44.446 75.604 55.619 89.076 74.138 59.681 64.519 69.504 60.863 50.492 34.931 29.14 27.167 18.625 6.6138 6.3685 8.7185 20.876 23.792
-999 -999 11.735 2.0715 0.44131 9.3737 7.0466 9.0783 23.917 36.168 39.072 53.46 45.855 48.454 68.404 76.993 119.64 94.586 83.945 79.912 70.044 55.825 28.417 25.618 19.935 17.347 9.473 7.5206 12.454 28.444 26.489
-999 -999 5.0315 3.0129 0.36525 14.456 49.344 52.583 27.791 22.294 41.461 55.889 60.934 59.497 93.967 81.718 74.363 75.356 83.292 79.352 71.321 50.879 24.311 20.129 16.665 15.997 11.802 12.671 17.196 36.294 31.181
-999 -999 6.1676 23.243 7.1182 9.4347 24.435 37.697 17.188 40.072 42.735 74.014 64.724 133.51 57.191 77.355 93.147 76.916 67.878 58.112 49.08 38.609 20.682 19.43 17.005 14.11 11.016 14.144 14.373 20.745 8.4596
-999 -999 -999 18.52 17.441 20.432 26.931 55 108.36 82.238 55.789 46.734 73.501 80.907 57.799 10 102.67 101.58 47.319 33.624 24.509 22.499 14.885 12.672 12.411 -999 -999 -999 -999 -999 6.3164
-999 -999 -999 43.467 11.292 23.459 63.648 46.26 104.63 83.07 67.38 50.485 79.493 59.178 60.512 37.499 87.18 73.829 38.64 32.38 13.515 14.074 12.129 -999 -999 -999 -999 -999 -999 -999 7.5372
-999 -999 -999 -999 -999 30.187 19.359 34.2 66.466 43.47 69.825 96.04 24.42 16.826 40.162 21.483 55.257 67.292 31.354 16.833 -999 -999 -999 -999 -999 -999 -999 -999 -999 -999 -999
-999 -999 -999 -999 -999 -999 -999 -999 20.961 37.202 67.446 83.363 22.091 10.474 16.507 17.211 16.889 12.346 17.708 15.294 -999 -999 -999 -999 -999 -999 -999 -999 -999 -999 -999
-999 -999 -999 -999 -999 -999 -999 14.643 33.997 101.79 80.723 37.568 8.234 4.4362 13.913 11.159 10.36 11.563 -999 -999 -999 -999 -999 -999 -999 -999 -999 -999 -999 -999 -999
-999 -999 -999 -999 -999 -999 33.229 47.226 66.519 66.032 36.521 12.795 17.133 10.543 13.76 10.722 10.404 -999 -999 -999 -999 -999 -999 -999 -999 -999 -999 -999 -999 -999 -999
-999 -999 -999 -999 -999 -999 59.262 22.063 79.307 35.725 32.672 7.2143 17.529 16.418 13.929 2.8051 7.5277 -999 -999 -999 -999 -999 -999 -999 -999 -999 -999 -999 -999 -999 -999
-999 -999 -999 -999 -999 -999 19.497 22.919 52.863 42.061 37.994 22.777 13.068 6.5155 6.8754 0.11887 1.1611 -999 -999 -999 -999 -999 -999 -999 -999 -999 -999 -999 -999 -999 -999
-999 -999 -999 -999 -999 -999 -999 9.2912 74.986 19.651 20.323 30.642 23.99 14.749 5.0612 3.8904 4.8329 -999 -999 -999 -999 -999 -999 -999 -999 -999 -999 -999 -999 -999 -999
-999 -999 -999 -999 -999 -999 -999 -999 64.291 27.44 9.7946 25.471 21.854 27.902 13.2 10.307 0.75225 -999 -999 -999 -999 -999 -999 -999 -999 -999 -999 -999 -999 -999 -999
-999 -999 -999 -999 -999 -999 -999 69.185 80.888 56.351 3.8671 13.716 10.654 10.265 3.6556 0 0 -999 -999 -999 -999 -999 -999 -999 -999 -999 -999 -999 -999 -999 -999
-999 -999 -999 -999 -999 -999 -999 73.804 129.17 73.477 55.289 45.539 6.2 7.5786 18.624 -999 -999 -999 -999 -999 -999 -999 -999 -999 -999 -999 -999 -999 -999 -999 -999
