PC_RASTER_CASE_STUDY/rain_grids/rn_14455.asc
ncols         31
nrows         25
xllcorner     73.125000
yllcorner     13.125000
cellsize      0.25
NODATA_value  -9999
-999 39.466 26.704 14.062 7.5811 8.7215 10.901 17.831 -999 -999 -999 -999 -999 -999 -999 -999 -999 -999 -999 -999 -999 -999 -999 -999 -999 -999 -999 -999 -999 -999 -999
-999 40.534 25.02 16.614 12.412 10.866 19.961 21.463 15.995 -999 -999 -999 -999 -999 -999 -999 -999 -999 -999 -999 -999 -999 -999 -999 -999 -999 -999 -999 -999 -999 -999
-999 26.862 15.686 7.3368 2.3116 9.8647 11.684 17.478 15.594 9.7248 -999 -999 -999 -999 -999 -999 -999 -999 -999 -999 -999 -999 -999 -999 -999 -999 -999 -999 -999 -999 -999
59.483 20.644 5.5418 8.3338 8.9399 13.754 8.2824 12.331 14.866 10.745 10.971 13.49 -999 -999 -999 -999 -999 -999 -999 -999 -999 -999 -999 -999 -999 -999 -999 -999 -999 -999 -999
-999 45.292 11.145 8.6623 15.743 13.319 11.315 13.288 11.855 13.263 10.935 9.1642 -999 -999 -999 -999 -999 -999 -999 -999 -999 -999 -999 -999 -999 -999 -999 -999 -999 -999 -999
-999 63.501 14.345 7.5855 20.882 15.338 19.4 14.659 16.57 17.729 12.731 13.537 10.285 17.302 23.103 -999 -999 -999 -999 -999 -999 -999 -999 -999 1.6825 7.4263 10.347 20.777 44.656 -999 -999
-999 56.185 24.939 14.772 10.28 6.2058 20.817 14.036 7.88 19.412 38.412 18.776 8.3411 11.206 22.861 13.51 5.5486 3.8367 12.419 -999 -999 7.5821 0.77914 0.95901 2.0651 22.905 34.312 45.772 66.139 -999 -999
-999 -999 39.093 17.022 13.479 15.218 16.838 13.756 9.5969 17.143 29.203 6.9997 6.4854 8.1518 14.432 17.541 51.076 24.566 13.554 14.342 9.3568 8.6349 0.11329 0.58203 2.0221 21.453 39.969 39.011 49.059 107.54 -999
-999 -999 38.452 15.631 18.411 25.656 19.096 9.775 8.9342 6.6446 5.2194 5.0429 7.2093 7.7277 12.739 20.668 45.875 39.969 14.398 4.5186 12.438 11.64 2.6195 0.29489 4.2176 8.1438 17.109 6.4997 27.513 51.977 102.88
-999 -999 31.468 15.502 14.711 16.558 10.143 5.7466 5.412 3.4916 3.5106 2.4415 5.9261 4.0082 10.003 20.083 37.363 38.249 25.435 2.3154 6.4735 12.453 5.1646 1.9008 3.3548 9.3738 33.463 28.495 27.125 28.473 48.84
-999 -999 54.487 29.337 31.593 10.472 6.5748 7.0058 6.2595 3.1673 3.1545 2.3114 7.6089 10.982 14.996 47.882 42.28 28.627 30.279 24.1 24.406 17.969 9.1216 6.9834 6.7757 5.7549 21.772 20.6 20.513 16.251 17.725
-999 -999 110.99 56.049 35.084 15.368 15.655 7.1239 5.0176 6.1035 5.9703 2.3418 10.015 15.269 9.1346 51.557 28.978 25.44 24.732 22.097 22.914 19.308 12.073 12.027 25.347 12.554 9.1349 7.0691 6.2302 5.0144 1.048
-999 -999 83.156 46.222 23.078 12.255 12.146 10.869 11.25 9.8924 7.2219 1.6223 2.1855 7.0629 8.0634 10.6 18.453 20.965 23.94 26.262 33.194 26.671 18.561 20.459 18.568 15.071 6.769 6.6124 14.441 8.3522 1.737
-999 -999 -999 104.28 80.383 15.069 12.543 11.377 11.266 15.077 13.788 6.8084 5.2394 4.936 4.2418 5.6589 11.859 13.102 23.229 26.408 35.896 26.894 19.735 18.082 13.285 -999 -999 -999 -999 -999 4.7855
-999 -999 -999 111.41 76.412 2.341 11.71 10.468 6.5246 25.833 22.509 6.7603 6.1872 4.02 3.645 7.1904 10.228 11.076 20.901 23.455 32.711 27.261 15.836 -999 -999 -999 -999 -999 -999 -999 7.3807
-999 -999 -999 -999 -999 47.259 12.965 6.1072 5.788 15.958 16.452 5.9901 3.0565 3.3939 3.3752 3.5297 7.7255 12.863 19.852 29.178 -999 -999 -999 -999 -999 -999 -999 -999 -999 -999 -999
-999 -999 -999 -999 -999 -999 -999 -999 4.5888 7.7954 19.447 6.4522 0 9.5075 8.4691 5.6502 7.5483 11.217 19.264 23.644 -999 -999 -999 -999 -999 -999 -999 -999 -999 -999 -999
-999 -999 -999 -999 -999 -999 -999 9.2553 3.1271 6.0695 8.9134 15.616 11.376 13.054 11.789 15.89 16.444 12.047 -999 -999 -999 -999 -999 -999 -999 -999 -999 -999 -999 -999 -999
-999 -999 -999 -999 -999 -999 57.46 13.379 4.7668 3.8135 9.0966 6.07 11.805 15.117 14.185 20.258 27.871 -999 -999 -999 -999 -999 -999 -999 -999 -999 -999 -999 -999 -999 -999
-999 -999 -999 -999 -999 -999 73.225 57.255 16.967 7.0813 6.6316 10.935 15.974 9.1854 8.362 9.7635 24.079 -999 -999 -999 -999 -999 -999 -999 -999 -999 -999 -999 -999 -999 -999
-999 -999 -999 -999 -999 -999 82.318 48.591 24.467 4.3871 9.6771 10.627 31.781 4.8355 0.29417 10.026 5.9218 -999 -999 -999 -999 -999 -999 -999 -999 -999 -999 -999 -999 -999 -999
-999 -999 -999 -999 -999 -999 -999 72.655 38.656 9.5644 14.595 15.377 14.57 10.216 9.7534 8.3796 6.2085 -999 -999 -999 -999 -999 -999 -999 -999 -999 -999 -999 -999 -999 -999
-999 -999 -999 -999 -999 -999 -999 -999 85.897 59.395 23.948 13.891 12.932 8.843 3.4 6.0656 7.5868 -999 -999 -999 -999 -999 -999 -999 -999 -999 -999 -999 -999 -999 -999
-999 -999 -999 -999 -999 -999 -999 133.84 79.63 58.063 15.762 12.084 12.65 7.4855 19.512 7.6459 4.9513 -999 -999 -999 -999 -999 -999 -999 -999 -999 -999 -999 -999 -999 -999
-999 -999 -999 -999 -999 -999 -999 114.89 80.266 26.644 7.6428 6.9091 1.2983 4.1251 26.871 -999 -999 -999 -999 -999 -999 -999 -999 -999 -999 -999 -999 -999 -999 -999 -999
