PC_RASTER_CASE_STUDY/rain_grids/rn_12584.asc
ncols         31
nrows         25
xllcorner     73.125000
yllcorner     13.125000
cellsize      0.25
NODATA_value  -9999
-999 2.0376 4.6861 5.1527 5.0914 5 1.5078 0 -999 -999 -999 -999 -999 -999 -999 -999 -999 -999 -999 -999 -999 -999 -999 -999 -999 -999 -999 -999 -999 -999 -999
-999 0.21805 0.30096 1.2487 1.0107 1 1.0312 9.9789 4.6843 -999 -999 -999 -999 -999 -999 -999 -999 -999 -999 -999 -999 -999 -999 -999 -999 -999 -999 -999 -999 -999 -999
-999 0.48161 0.76407 1.1753 1.2288 1.3076 1.0625 34.2 34.199 32.843 -999 -999 -999 -999 -999 -999 -999 -999 -999 -999 -999 -999 -999 -999 -999 -999 -999 -999 -999 -999 -999
0.4593 0.79993 1.3041 1.8195 1.8353 2.4023 14.836 34.198 34.2 34.187 33.628 31.116 -999 -999 -999 -999 -999 -999 -999 -999 -999 -999 -999 -999 -999 -999 -999 -999 -999 -999 -999
-999 1.2118 1.7706 2.4026 2.5268 2.7919 14.484 33.928 34.2 34.2 34.163 33.569 -999 -999 -999 -999 -999 -999 -999 -999 -999 -999 -999 -999 -999 -999 -999 -999 -999 -999 -999
-999 1.0776 1.4981 2.3205 3.1425 4.9227 14.776 33.239 34.195 34.197 34.054 33.008 28.668 22.647 13.763 -999 -999 -999 -999 -999 -999 -999 -999 -999 0 0 0 0 0 -999 -999
-999 1.3374 1.9765 3.7201 4.682 10.116 18.238 33.254 34.156 34.167 34.16 33.336 30.458 20.536 13.834 11.954 6.862 5.8567 5.4101 -999 -999 6.1435 8.5757 6.356 1.3482 0 0.45963 0.32002 0 -999 -999
-999 -999 3.8161 4.5011 8.3227 12.939 23.576 33.433 34.01 34.116 34.047 32.354 24.645 17.556 15.175 12.641 5.1874 7.1284 11.397 8.4102 4.5023 4.5902 4.7984 4.1304 0.36217 1.014 1.2173 1.1958 0.32795 0 -999
-999 -999 2.85 8.4312 11.636 21.828 30.348 33.796 33.174 33.768 32.908 28.815 22.487 16.726 15.773 12.397 3.6089 3.1792 12.903 7.3073 4.2711 4.5424 1.7305 0 0.68774 1.88 1.4071 1.7566 0.49355 0 0
-999 -999 2.7626 10.152 18.243 32.64 32.372 31.823 32.647 32.7 31.998 26.19 20.094 14.595 12.982 9.8547 3.4922 2.3929 11.296 2.6566 3.5525 3.0105 0.37754 0 1.7441 2.3454 0.56017 17.666 11.726 1.7653 0.20623
-999 -999 3.2562 2.7422 5.7668 34.136 32.179 31.95 32.109 32.273 31.739 29.108 18.004 13.782 11.178 5.9893 4.0295 9.4385 11.356 11.64 8.792 6.957 0.38045 0.96042 3.2076 3.1944 9.9891 41.713 21.589 2.5766 2.8387
-999 -999 6.1443 5.6492 9.3988 19.72 27.7 31.547 31.784 31.364 30.505 29.085 15.136 12.477 12.638 9.256 8.1037 9.6673 11.551 12.649 4.8711 14.808 20.878 21.63 1.6284 0.82294 4.8396 22.37 2.6879 0 0
-999 -999 11.483 4.7503 2.4687 2.7372 8.4194 22.009 26.831 27.303 24.078 20.37 10.526 10.968 10.416 9.1823 8.3176 8.049 18.083 13.277 10.465 20.832 38.283 38.305 11.581 0.31746 0 0 0 0 0
-999 -999 -999 9.1718 1.3916 0.6929 3.1177 7.9101 13.068 11.043 10.247 8.3387 10.363 10.834 11.075 13.788 10.607 5.4544 18.428 21.631 20.965 27.626 40.562 41.623 10.757 -999 -999 -999 -999 -999 0
-999 -999 -999 11.818 2.0945 0.34434 1.7981 2.5241 6.0456 6.7868 6.695 6.6481 7.6425 9.7902 9.9168 10.813 8.9783 5.3389 11.102 22.504 7.0722 12.412 19.595 -999 -999 -999 -999 -999 -999 -999 0
-999 -999 -999 -999 -999 3.5058 2.6671 4.6196 6.2935 6.4964 6.5089 6.5711 6.976 8.346 8.7276 6.8304 5.0517 2.7492 2.6778 8.418 -999 -999 -999 -999 -999 -999 -999 -999 -999 -999 -999
-999 -999 -999 -999 -999 -999 -999 -999 6.3812 6.4913 6.4954 6.4506 6.3101 6.8528 6.9448 9.7974 12.989 2.4795 1.2549 1.6675 -999 -999 -999 -999 -999 -999 -999 -999 -999 -999 -999
-999 -999 -999 -999 -999 -999 -999 8.0026 6.5594 6.4451 6.294 5.8906 4.6914 5.835 6.0835 7.7668 10.729 1.2349 -999 -999 -999 -999 -999 -999 -999 -999 -999 -999 -999 -999 -999
-999 -999 -999 -999 -999 -999 13.727 12.354 7.6083 6.0101 5.1209 3.6943 2.9449 3.6387 1.9684 1.6194 1.898 -999 -999 -999 -999 -999 -999 -999 -999 -999 -999 -999 -999 -999 -999
-999 -999 -999 -999 -999 -999 14.962 17.129 12.184 4.5056 2.5435 2.1075 2.062 2.0133 0.85836 0.52844 0.71755 -999 -999 -999 -999 -999 -999 -999 -999 -999 -999 -999 -999 -999 -999
-999 -999 -999 -999 -999 -999 17.761 19.605 19.868 5.6767 2.6389 1.9238 2.0031 2.3928 4.5574 7.0281 7.5063 -999 -999 -999 -999 -999 -999 -999 -999 -999 -999 -999 -999 -999 -999
-999 -999 -999 -999 -999 -999 -999 20.868 17.626 9.6781 3.36 1.9749 2.2538 3.3787 8.4924 11.875 11.897 -999 -999 -999 -999 -999 -999 -999 -999 -999 -999 -999 -999 -999 -999
-999 -999 -999 -999 -999 -999 -999 -999 17.802 12.274 2.5771 2.1277 2.2827 5.7594 9.5392 11.761 12.013 -999 -999 -999 -999 -999 -999 -999 -999 -999 -999 -999 -999 -999 -999
-999 -999 -999 -999 -999 -999 -999 26.533 18.721 5.792 2.9251 2.3657 2.6042 5.7591 9.0151 9.1786 7.7078 -999 -999 -999 -999 -999 -999 -999 -999 -999 -999 -999 -999 -999 -999
-999 -999 -999 -999 -999 -999 -999 28.318 11.545 0.72051 0.79725 2.7182 3.2909 4.6078 6.1786 -999 -999 -999 -999 -999 -999 -999 -999 -999 -999 -999 -999 -999 -999 -999 -999
