PC_RASTER_CASE_STUDY/rain_grids/rn_10132.asc
ncols         31
nrows         25
xllcorner     73.125000
yllcorner     13.125000
cellsize      0.25
NODATA_value  -9999
-999 18.99 4.6685 16.836 15.338 15.885 15.957 30.714 -999 -999 -999 -999 -999 -999 -999 -999 -999 -999 -999 -999 -999 -999 -999 -999 -999 -999 -999 -999 -999 -999 -999
-999 29.013 52.877 28.741 17.993 18.591 20.536 26.397 29.386 -999 -999 -999 -999 -999 -999 -999 -999 -999 -999 -999 -999 -999 -999 -999 -999 -999 -999 -999 -999 -999 -999
-999 5.7379 18.152 30.351 32.466 14.846 23.555 58.534 47.578 27.458 -999 -999 -999 -999 -999 -999 -999 -999 -999 -999 -999 -999 -999 -999 -999 -999 -999 -999 -999 -999 -999
87.331 2.899 9.9872 17.421 17.328 10.86 14.604 49.595 47.062 37.246 30.952 22.002 -999 -999 -999 -999 -999 -999 -999 -999 -999 -999 -999 -999 -999 -999 -999 -999 -999 -999 -999
-999 36.503 14.706 10.403 21.637 8.3831 12.074 31.935 43.352 39.273 25.587 14.27 -999 -999 -999 -999 -999 -999 -999 -999 -999 -999 -999 -999 -999 -999 -999 -999 -999 -999 -999
-999 12.891 18.144 10.166 52.591 21.693 26.38 23.09 69.297 89.029 33.2 14.868 27.38 32.116 15.228 -999 -999 -999 -999 -999 -999 -999 -999 -999 8.7486 7.5651 21.125 32.079 32.601 -999 -999
-999 33.352 27.63 6.9029 19.502 23.642 36.1 31.611 36.565 122.1 34.885 26.878 16.603 21.14 20.803 24.179 13.3 34.144 45.911 -999 -999 1.9893 0.30672 0.16627 8.4191 14.893 19.016 29.451 27.347 -999 -999
-999 -999 21.624 8.9869 25.237 20.86 17.968 31.944 37.065 28.728 20.853 42.364 17.348 16.983 31.2 18.592 11.225 2.7693 9.2016 6.6665 6.4604 4.8969 0 0.61693 4.9368 12.34 23.145 32.26 21.749 15.524 -999
-999 -999 25.218 13.309 10.029 8.123 12.783 28.21 31.256 8.858 36.067 9.9407 22.795 25.17 12.676 11.005 14.095 6.5906 6.8694 2.5357 5.7162 5.0417 2.0936 1.6078 5.5371 7.8631 26.775 33.535 24.466 15.091 27.587
-999 -999 19.571 32.71 11.075 6.0049 6.0868 22.486 23.837 18.267 50.315 55.403 19.19 38.391 22.803 16.571 22.647 10.226 5.1701 0.15469 2.5965 3.4861 5.9401 9.3256 7.1272 9.001 18.978 53.205 60.493 26.179 31.034
-999 -999 10.293 13.357 2.2104 27.702 18.273 14.527 53.834 45.056 40.598 38.898 39.85 51.197 56.844 50.232 18.872 17.624 0.76692 0.52086 0 0 4.1259 6.6595 6.681 8.7116 23.191 50.768 56.406 12.969 14.062
-999 -999 10.021 10.33 5.5379 18.227 15.969 14.723 28.625 4.2684 82.163 12.478 9.1182 55.674 89.424 13.748 9.5104 4.0976 0.75004 0 0 0.84952 15.761 21.648 18.206 11.706 26.685 32.433 22.783 4.4897 8.7463
-999 -999 38.128 10.432 41.273 6.6398 11.798 18.045 50.318 25.285 65.616 17.544 3.7953 33.288 35.021 6.3817 4.4035 3.714 1.6457 0 0 2.2354 27.105 31.765 27.235 10.896 19.555 17.72 16.066 35.357 10.395
-999 -999 -999 4.7837 3.2849 6.4909 14.503 22.6 42.687 41.971 38.562 25.194 27.547 22.269 33.137 0 2.5742 0 0 0 0 14.723 34.216 38.24 21.586 -999 -999 -999 -999 -999 18.95
-999 -999 -999 20.03 1.6144 4.8599 19.236 25.404 42.276 15.171 51.478 51.233 20.457 16.116 10.393 3.899 0.97639 0.17671 0 0 0 7.8809 25.383 -999 -999 -999 -999 -999 -999 -999 18.106
-999 -999 -999 -999 -999 5.4926 12.259 23 5.7613 15.316 42.246 26.732 27.238 4.8614 7.5752 4.9173 0.8435 0 0 0 -999 -999 -999 -999 -999 -999 -999 -999 -999 -999 -999
-999 -999 -999 -999 -999 -999 -999 -999 11.801 27.763 56.101 26.814 46.657 3.4749 9.5121 24.736 2.123 0 0 0 -999 -999 -999 -999 -999 -999 -999 -999 -999 -999 -999
-999 -999 -999 -999 -999 -999 -999 38.85 56.097 14.781 16.607 6.8568 37.055 45.407 3.0301 21.568 1.6025 0.89389 -999 -999 -999 -999 -999 -999 -999 -999 -999 -999 -999 -999 -999
-999 -999 -999 -999 -999 -999 2.9702 0.3125 3.0988 27.726 3.2804 12.313 12.821 27.065 24.032 0.27827 4.5732 -999 -999 -999 -999 -999 -999 -999 -999 -999 -999 -999 -999 -999 -999
-999 -999 -999 -999 -999 -999 0.7455 0.43843 16.115 12.24 8.5394 20.94 24.762 21.835 21.796 0.62234 3.7393 -999 -999 -999 -999 -999 -999 -999 -999 -999 -999 -999 -999 -999 -999
-999 -999 -999 -999 -999 -999 2.9573 10.974 2.6213 8.8067 4.26 3.9637 27.884 5.7692 9.1184 0.26651 0.77104 -999 -999 -999 -999 -999 -999 -999 -999 -999 -999 -999 -999 -999 -999
-999 -999 -999 -999 -999 -999 -999 0.26004 4.5689 2.8305 7.6675 20.951 1.3644 7.444 11.449 9.2728 6.6083 -999 -999 -999 -999 -999 -999 -999 -999 -999 -999 -999 -999 -999 -999
-999 -999 -999 -999 -999 -999 -999 -999 0 1.9303 6.4288 8.4419 8.2801 36.326 20.6 20.351 10.036 -999 -999 -999 -999 -999 -999 -999 -999 -999 -999 -999 -999 -999 -999
-999 -999 -999 -999 -999 -999 -999 22.435 12.685 6.5058 9.846 23.991 13.261 34.91 16.611 80.5 9.6469 -999 -999 -999 -999 -999 -999 -999 -999 -999 -999 -999 -999 -999 -999
-999 -999 -999 -999 -999 -999 -999 6.4498 2.4826 7.3245 1.956 5.9176 15.533 30.748 2.7832 -999 -999 -999 -999 -999 -999 -999 -999 -999 -999 -999 -999 -999 -999 -999 -999
