PC_RASTER_CASE_STUDY/rain_grids/rn_12626.asc
ncols         31
nrows         25
xllcorner     73.125000
yllcorner     13.125000
cellsize      0.25
NODATA_value  -9999
-999 9.5591 15.289 20.312 19.989 6.0541 6 10.335 -999 -999 -999 -999 -999 -999 -999 -999 -999 -999 -999 -999 -999 -999 -999 -999 -999 -999 -999 -999 -999 -999 -999
-999 23.769 67.946 327.91 431.82 432.9 288.44 86.9 40.119 -999 -999 -999 -999 -999 -999 -999 -999 -999 -999 -999 -999 -999 -999 -999 -999 -999 -999 -999 -999 -999 -999
-999 155.85 313.58 398.05 409 400.76 426.43 8.7 8.7091 30.308 -999 -999 -999 -999 -999 -999 -999 -999 -999 -999 -999 -999 -999 -999 -999 -999 -999 -999 -999 -999 -999
127.74 291.29 349.08 351.66 328.18 286.38 85.156 8.7034 8.7 8.907 13.333 32.875 -999 -999 -999 -999 -999 -999 -999 -999 -999 -999 -999 -999 -999 -999 -999 -999 -999 -999 -999
-999 331.24 338.75 302.45 262.34 248.65 74.443 9.2348 8.7 8.7 8.7689 9.7293 -999 -999 -999 -999 -999 -999 -999 -999 -999 -999 -999 -999 -999 -999 -999 -999 -999 -999 -999
-999 414.38 365.17 262.03 216.79 170.23 58.485 10.594 8.7062 8.7 8.7 8.7035 8.981 11.033 23.967 -999 -999 -999 -999 -999 -999 -999 -999 -999 25.838 23.906 31.778 37.969 42.444 -999 -999
-999 357.92 274.57 139.81 160.88 105.08 49.974 13.197 8.8652 8.7011 8.7 8.7 8.7199 10.186 29.044 35.393 34.158 30.072 26.979 -999 -999 13.288 10.008 13.423 22.901 23.551 22.985 38.501 52.095 -999 -999
-999 -999 105.38 72.401 84.934 76.717 62.939 20.065 9.56 8.7249 8.7 8.7 8.7854 12.154 32.451 35.448 35.275 34.608 32.933 24.232 17.347 15.356 10.688 10.855 18.782 18.304 12.5 17.068 37.853 48.183 -999
-999 -999 105.29 82.959 90.502 73.061 63.56 36.734 12.201 8.9546 8.7049 8.7001 8.9631 15.913 35.876 35.523 35.982 36.303 32.267 24.759 17.583 16.438 11.545 12.151 16.728 18.115 11.457 7.4565 23.939 20.378 24.932
-999 -999 113.79 118.82 95.424 52.969 63.938 55.873 27.353 10.074 8.7518 8.7001 9.4625 26.645 35.881 35.498 35.555 35.54 29.847 20.283 19.753 17.285 12.057 13.402 13.578 16.674 15.029 13.434 14.315 16.815 21.761
-999 -999 135.27 162.42 145.4 48.214 66.673 68.272 38.586 14.654 8.9563 8.7003 9.8016 25.583 31.003 35.693 36.018 34.694 34.656 28.825 11.986 9.5998 10.982 11.462 7.3825 10.425 15.499 15.929 14.222 11.175 12.242
-999 -999 130.87 147.81 127.72 94.051 81.348 74.027 54.571 32.254 9.7002 8.859 10.53 12.083 13.314 17.771 32.423 32.816 31.093 14.225 9.0308 8.4011 9.433 7.4935 2.1541 3.2143 7.0152 11.141 9.5961 8.3858 10.02
-999 -999 94.614 138.5 114.26 91.245 90.921 72.187 51.845 40.924 13.651 10.819 10.882 10.886 10.773 10.598 9.9816 18.026 22.203 14.333 9.378 8.4952 9.6459 8.6301 3.4377 2.216 5.3859 6.5955 10.254 10.762 6.9884
-999 -999 -999 63.592 83.074 96.201 99.313 77.953 49.812 41 10.649 10.936 11.003 11.017 10.896 10.668 10.572 8.4875 16.179 21.847 17.75 10.926 10.484 9.824 7.0499 -999 -999 -999 -999 -999 5.0024
-999 -999 -999 75.598 79.716 77.077 79.067 83.518 85.417 53.454 10.909 11.107 11.147 11.149 11.11 10.955 10.857 8.4334 9.2529 17.767 26.415 24.693 13.377 -999 -999 -999 -999 -999 -999 -999 5.252
-999 -999 -999 -999 -999 74.168 75.334 78.309 84.171 76.488 11.17 11.611 11.258 11.3 11.383 11.551 11.43 8.0247 7.7735 16.566 -999 -999 -999 -999 -999 -999 -999 -999 -999 -999 -999
-999 -999 -999 -999 -999 -999 -999 -999 78.82 76 12.991 13.415 13.343 13.449 12.232 11.423 11.241 7.3349 7.2674 19.707 -999 -999 -999 -999 -999 -999 -999 -999 -999 -999 -999
-999 -999 -999 -999 -999 -999 -999 71.816 75.346 65.97 13.918 14.205 14.139 13.457 12.993 12.506 9.9494 6.4107 -999 -999 -999 -999 -999 -999 -999 -999 -999 -999 -999 -999 -999
-999 -999 -999 -999 -999 -999 64.825 69.422 74.837 14.327 14.532 14.475 14.032 13.618 13.788 13.423 6.4579 -999 -999 -999 -999 -999 -999 -999 -999 -999 -999 -999 -999 -999 -999
-999 -999 -999 -999 -999 -999 62.519 70.472 76 17.722 14.957 14.74 14.225 13.75 14.196 13.637 6.7199 -999 -999 -999 -999 -999 -999 -999 -999 -999 -999 -999 -999 -999 -999
-999 -999 -999 -999 -999 -999 67.28 75.035 68.083 33.283 16.013 15.404 14.948 15.025 15.02 14.067 12.223 -999 -999 -999 -999 -999 -999 -999 -999 -999 -999 -999 -999 -999 -999
-999 -999 -999 -999 -999 -999 -999 68.033 53.213 31.313 17.269 16.364 15.814 15.373 14.781 15.733 14.146 -999 -999 -999 -999 -999 -999 -999 -999 -999 -999 -999 -999 -999 -999
-999 -999 -999 -999 -999 -999 -999 -999 38.393 23.457 16.4 16.49 16.184 15.273 14.68 15.121 13.88 -999 -999 -999 -999 -999 -999 -999 -999 -999 -999 -999 -999 -999 -999
-999 -999 -999 -999 -999 -999 -999 37.875 22.738 15.579 16.4 16.4 16.199 15.455 14.831 13.873 12.936 -999 -999 -999 -999 -999 -999 -999 -999 -999 -999 -999 -999 -999 -999
-999 -999 -999 -999 -999 -999 -999 7.6 7.6 7.6 12.733 16.4 16.39 15.945 15.151 -999 -999 -999 -999 -999 -999 -999 -999 -999 -999 -999 -999 -999 -999 -999 -999
