PC_RASTER_CASE_STUDY/rain_grids/rn_14125.asc
ncols         31
nrows         25
xllcorner     73.125000
yllcorner     13.125000
cellsize      0.25
NODATA_value  -9999
-999 30.514 21.088 13.868 14.492 7.6957 3.1623 6.5422 -999 -999 -999 -999 -999 -999 -999 -999 -999 -999 -999 -999 -999 -999 -999 -999 -999 -999 -999 -999 -999 -999 -999
-999 18.485 3.5827 9.493 18.763 14.241 2.6917 6.4662 5.8735 -999 -999 -999 -999 -999 -999 -999 -999 -999 -999 -999 -999 -999 -999 -999 -999 -999 -999 -999 -999 -999 -999
-999 4.707 1.2328 1.9192 12.293 9.1398 10.921 8.7675 3.7232 3.5105 -999 -999 -999 -999 -999 -999 -999 -999 -999 -999 -999 -999 -999 -999 -999 -999 -999 -999 -999 -999 -999
39.377 25.241 0.26601 1.8329 16.998 10.971 14.947 15.065 6.5912 4.158 2.5024 2.343 -999 -999 -999 -999 -999 -999 -999 -999 -999 -999 -999 -999 -999 -999 -999 -999 -999 -999 -999
-999 22.327 5.2108 6.9204 20.739 28.999 26.797 14.57 4.8108 5.0683 4.345 3.42 -999 -999 -999 -999 -999 -999 -999 -999 -999 -999 -999 -999 -999 -999 -999 -999 -999 -999 -999
-999 14.201 5.8553 8.6236 18.389 24.766 50.482 50.247 25.136 16.912 4.04 1.5193 11.998 35.852 14.832 -999 -999 -999 -999 -999 -999 -999 -999 -999 65.388 59.195 14.584 19.239 1.0814 -999 -999
-999 16.983 7.7118 9.536 17.819 12.303 49.484 53.326 47.603 26.957 19.628 30.25 70.192 68.639 32.649 7.766 10.142 9.0417 22.316 -999 -999 18.941 16.076 25.403 46.03 46.015 10.432 4.2953 0 -999 -999
-999 -999 4.6535 5.9006 17.432 18.411 19.588 22.999 23.41 25.106 30.663 79.037 33.565 56.407 32.63 24.75 22.579 46.065 37.844 38.212 28.95 18.533 11.567 19.327 23.404 11.728 11.343 4.142 0 0 -999
-999 -999 1.9338 2.0095 8.574 7.5278 7.6242 14.271 16.795 29.224 45.833 56.362 57.471 35.891 18.18 14.089 15.699 25.831 29.093 22.781 21.222 7.9722 11.938 14.344 17.087 16.107 4.2757 0 0 0 0
-999 -999 4.0094 4.6428 13.219 2.2024 2.2874 4.9383 6.8766 13.057 37.331 38.322 49.811 40.279 22.017 18.699 2.7785 8.4524 26.691 10.508 15.224 11.281 14.882 18.072 17.781 15.421 1.0804 1.9364 0.89856 0.64847 1.5159
-999 -999 9.5708 0.82307 0.22401 7.4571 3.672 1.745 1.9766 7.3666 9.7158 31.283 36.135 34.262 29.573 17.713 14.401 17.308 14.465 11.639 34.422 26.59 15.281 12.747 18.383 18.731 3.7247 6.1279 4.2076 4.9961 2.19
-999 -999 31.423 2.7514 1.9949 0.20982 0 0.53264 10.013 1.3691 14.356 22.668 31.346 27.598 24.428 13.643 6.8846 39.588 25.903 8.5158 18.571 18.568 16.777 10.395 14.453 19.314 1.9578 4.7585 7.4819 11.918 3.3891
-999 -999 23.138 0.36893 0 0.27915 0.30909 0 5.824 1.0525 5.6954 22.202 34.05 27.355 14.103 26.21 27.732 50.03 32.68 10.064 16.179 24.005 32.638 27.881 13.137 13.188 5.9753 7.0675 21.045 0.89107 2.4567
-999 -999 -999 0 0 0 0 0 0.8016 0 2.331 5.9433 15.875 30.729 20.966 8.7814 22.635 21.798 39.59 25.802 31.892 43.727 30.57 22.64 12.741 -999 -999 -999 -999 -999 13.587
-999 -999 -999 12.044 14.742 8.0123 0 16.577 5.2639 1.0298 8.4702 16.608 20.557 24.532 24.426 22.403 15.807 23.853 40.155 39.058 58.656 47.134 15.018 -999 -999 -999 -999 -999 -999 -999 8.0389
-999 -999 -999 -999 -999 0 0 0 7.8118 1.2695 2.119 5.5904 5.3824 27.411 21.745 24.696 23.05 28.767 41.953 26.174 -999 -999 -999 -999 -999 -999 -999 -999 -999 -999 -999
-999 -999 -999 -999 -999 -999 -999 -999 9.4913 9.179 0.8892 3.1964 5.2506 5.1619 9.4975 15.677 20.184 18.701 30.841 23.646 -999 -999 -999 -999 -999 -999 -999 -999 -999 -999 -999
-999 -999 -999 -999 -999 -999 -999 13.961 2.2174 10.69 1.2571 8.9738 8.9676 0.98621 5.8974 2.0152 4.0061 6.4524 -999 -999 -999 -999 -999 -999 -999 -999 -999 -999 -999 -999 -999
-999 -999 -999 -999 -999 -999 8.3837 5.1127 1.785 2.3628 7.9871 2.6456 10.477 0 0.43535 3.0336 3.5143 -999 -999 -999 -999 -999 -999 -999 -999 -999 -999 -999 -999 -999 -999
-999 -999 -999 -999 -999 -999 0.68051 3.4598 0.49957 13.869 32.877 5.5115 1.8995 1.9401 4.8711 9.3655 6.0829 -999 -999 -999 -999 -999 -999 -999 -999 -999 -999 -999 -999 -999 -999
-999 -999 -999 -999 -999 -999 19.231 6.7054 13.892 13.719 18.445 21.943 7.5625 7.6489 2.8172 4.5502 9.9728 -999 -999 -999 -999 -999 -999 -999 -999 -999 -999 -999 -999 -999 -999
-999 -999 -999 -999 -999 -999 -999 5.261 12.427 11.553 13.148 39.146 3.7807 4.2527 13.623 10.244 12.707 -999 -999 -999 -999 -999 -999 -999 -999 -999 -999 -999 -999 -999 -999
-999 -999 -999 -999 -999 -999 -999 -999 9.9913 27.614 6.57 7.7998 3.042 3.2883 4.4 0.66302 1.1656 -999 -999 -999 -999 -999 -999 -999 -999 -999 -999 -999 -999 -999 -999
-999 -999 -999 -999 -999 -999 -999 47.358 12.028 17.83 4.8503 7.3745 5.0411 2.0032 4.6841 0 1.8464 -999 -999 -999 -999 -999 -999 -999 -999 -999 -999 -999 -999 -999 -999
-999 -999 -999 -999 -999 -999 -999 53.583 32.587 11.726 2.4842 1.97 5.1025 23.543 14.235 -999 -999 -999 -999 -999 -999 -999 -999 -999 -999 -999 -999 -999 -999 -999 -999
