PC_RASTER_CASE_STUDY/rain_grids/rn_14428.asc
ncols         31
nrows         25
xllcorner     73.125000
yllcorner     13.125000
cellsize      0.25
NODATA_value  -9999
-999 27.007 2.3587 2.153 6.9722 11.948 17.032 9.7726 -999 -999 -999 -999 -999 -999 -999 -999 -999 -999 -999 -999 -999 -999 -999 -999 -999 -999 -999 -999 -999 -999 -999
-999 19.324 3.3601 4.4543 8.3025 11.587 15.923 14.217 20.952 -999 -999 -999 -999 -999 -999 -999 -999 -999 -999 -999 -999 -999 -999 -999 -999 -999 -999 -999 -999 -999 -999
-999 0.55983 5.6449 9.4343 10.685 35.407 36.684 27.668 23.859 27.316 -999 -999 -999 -999 -999 -999 -999 -999 -999 -999 -999 -999 -999 -999 -999 -999 -999 -999 -999 -999 -999
64.922 3.0517 10.599 7.0943 22.722 17.608 26.215 16.04 25.063 43.502 50.514 49.109 -999 -999 -999 -999 -999 -999 -999 -999 -999 -999 -999 -999 -999 -999 -999 -999 -999 -999 -999
-999 46.635 5.7184 3.367 16.774 23.963 16.624 14.774 39.065 51.966 56.315 59.148 -999 -999 -999 -999 -999 -999 -999 -999 -999 -999 -999 -999 -999 -999 -999 -999 -999 -999 -999
-999 55.838 10.279 7.6305 12.645 18.238 10.619 11.095 34.081 42.859 48.532 43.751 57.47 76.239 74.427 -999 -999 -999 -999 -999 -999 -999 -999 -999 21.575 49.73 55.723 42.331 14.017 -999 -999
-999 50.186 11.365 3.0896 3.7561 3.6329 8.3535 15.707 19.177 46.732 64.649 51.862 61.153 89.412 75.202 65.145 121.97 115.58 79.103 -999 -999 38.546 40.807 39.424 36.619 42.397 33.463 26.592 20.641 -999 -999
-999 -999 3.9206 1.9621 3.6134 3.9234 13.164 21.135 12.812 18.189 53.322 43.622 40.637 54.054 68.23 40.951 80.473 81.021 55.152 53.936 55.783 44.808 46.949 38.68 34.704 35.219 25.157 27.779 31.133 34.102 -999
-999 -999 1.8558 0.30011 2.1203 4.2813 7.383 17.864 14.543 3.9632 7.9234 21.252 23.862 28.444 44.712 43.195 53.834 22.23 39.173 30.069 41.054 9.243 29.246 31.251 29.914 33.576 38.408 42.037 60.531 62.948 38.832
-999 -999 7.2672 1.2338 1.5318 0 1.5521 11.302 11.768 10.707 13.913 10.854 9.0225 1.1091 37.123 48.097 29.797 20.451 16.756 17.462 16.224 5.0129 12.756 15.906 21.85 28.847 37.97 51.379 66.315 62.57 26.295
-999 -999 12.567 1.5277 0.32771 0 0 0 0.74491 26.149 24.752 11.254 7.1418 6.5964 24.139 24.478 28.054 15.377 7.5426 5.7219 0.83732 0.68236 0.41403 7.0191 11.7 12.766 32.79 58.754 55.855 32.765 33.513
-999 -999 35.504 24.247 2.1758 0 0 0 0.10211 10.547 3.693 0.64582 15.462 11.276 9.5205 24.317 12.494 11.895 20.492 0.5591 1.2357 2.4167 3.5133 3.5715 0.7585 3.8076 3.7507 11.036 1.7875 1.2559 5.6223
-999 -999 44.111 18.155 6.1877 5.9593 2.5061 0 0 0.71913 1.177 3.5082 5.1149 7.4549 8.4542 33.94 19.061 26.217 33.477 10.843 28.388 20.82 8.3136 8.3246 1.0122 2.4503 2.4369 2.7193 10.367 15.005 6.7044
-999 -999 -999 20.613 16.552 6.9967 3.7274 2.0628 0.65436 0.35646 0.14383 0 1.7799 3.3294 24.306 32 4.654 10.613 5.5159 11.067 33.731 20.949 9.9612 6.0868 0.90614 -999 -999 -999 -999 -999 8.4371
-999 -999 -999 40.4 11.584 18.068 7.7584 4.3716 3.0319 1.8626 1.1798 0.3887 0.15261 0.63792 5.2476 17.728 3.895 1.8587 1.5861 3.0511 3.7973 10.57 3.9606 -999 -999 -999 -999 -999 -999 -999 6.8224
-999 -999 -999 -999 -999 12.768 12.003 11.74 8.1682 4.0598 1.1448 1.6463 17.911 13.069 3.6654 4.4972 0.73613 0.48724 0.28445 5.9578 -999 -999 -999 -999 -999 -999 -999 -999 -999 -999 -999
-999 -999 -999 -999 -999 -999 -999 -999 5.8539 1.7976 0.12068 2.827 8.9824 4.3617 0.82907 1.5836 0 0 0 0 -999 -999 -999 -999 -999 -999 -999 -999 -999 -999 -999
-999 -999 -999 -999 -999 -999 -999 2.2445 1.3643 2.357 2.8522 0 0.46132 1.8445 1.3597 0.51711 0 0 -999 -999 -999 -999 -999 -999 -999 -999 -999 -999 -999 -999 -999
-999 -999 -999 -999 -999 -999 19.388 5.738 6.2619 5.9197 1.9365 0.27741 4.1554 0.64076 0 0 0.2558 -999 -999 -999 -999 -999 -999 -999 -999 -999 -999 -999 -999 -999 -999
-999 -999 -999 -999 -999 -999 26.633 14.026 6.3136 6.8898 6.238 8.2398 14.198 4.425 0 0 0.21455 -999 -999 -999 -999 -999 -999 -999 -999 -999 -999 -999 -999 -999 -999
-999 -999 -999 -999 -999 -999 43.047 26.936 5.8855 1.0815 3.9068 3.1023 1.239 0.36633 0 0 0.84938 -999 -999 -999 -999 -999 -999 -999 -999 -999 -999 -999 -999 -999 -999
-999 -999 -999 -999 -999 -999 -999 17.937 17.06 5.0019 5.2176 2.5782 1.8324 2.6381 0 5.2476 3.9313 -999 -999 -999 -999 -999 -999 -999 -999 -999 -999 -999 -999 -999 -999
-999 -999 -999 -999 -999 -999 -999 -999 14.177 6.9783 0.41338 0 2.0824 1.3124 0 1.8673 0.3961 -999 -999 -999 -999 -999 -999 -999 -999 -999 -999 -999 -999 -999 -999
-999 -999 -999 -999 -999 -999 -999 63.801 17.053 4.6665 0.28045 2.1661 6.5369 0.467 3.2743 0.30465 0 -999 -999 -999 -999 -999 -999 -999 -999 -999 -999 -999 -999 -999 -999
-999 -999 -999 -999 -999 -999 -999 40.344 14.084 8.032 0.42279 0 0.11793 0.1907 6.1767 -999 -999 -999 -999 -999 -999 -999 -999 -999 -999 -999 -999 -999 -999 -999 -999
