PC_RASTER_CASE_STUDY/rain_grids/rn_11923.asc
ncols         31
nrows         25
xllcorner     73.125000
yllcorner     13.125000
cellsize      0.25
NODATA_value  -9999
-999 19.375 1.928 1.4964 40.459 52.22 29.511 37.096 -999 -999 -999 -999 -999 -999 -999 -999 -999 -999 -999 -999 -999 -999 -999 -999 -999 -999 -999 -999 -999 -999 -999
-999 19.707 1.5794 23.079 54.968 49.127 23.841 33.783 24.81 -999 -999 -999 -999 -999 -999 -999 -999 -999 -999 -999 -999 -999 -999 -999 -999 -999 -999 -999 -999 -999 -999
-999 17.379 6.5481 27.73 62.352 27.138 23.67 12.084 15.575 34.973 -999 -999 -999 -999 -999 -999 -999 -999 -999 -999 -999 -999 -999 -999 -999 -999 -999 -999 -999 -999 -999
83.452 9.0746 7.3011 6.3638 25.092 14.144 29.256 19.304 16.216 31.684 16.548 16.401 -999 -999 -999 -999 -999 -999 -999 -999 -999 -999 -999 -999 -999 -999 -999 -999 -999 -999 -999
-999 15.791 5.3599 3.4013 5.5741 4.3084 15.306 20.582 24.859 19.059 20.061 23.463 -999 -999 -999 -999 -999 -999 -999 -999 -999 -999 -999 -999 -999 -999 -999 -999 -999 -999 -999
-999 94.474 8.359 6.2528 3.9486 3.2668 10.249 16.662 28.239 28.838 21.943 20.128 29.385 35.006 31.734 -999 -999 -999 -999 -999 -999 -999 -999 -999 42.088 18.238 20.636 49.866 32.58 -999 -999
-999 99.406 9.8867 18.351 5.6616 4 9.2252 17.888 24.885 33.739 50.549 30.445 27.188 30.815 35.822 51.566 76.155 83.3 101.41 -999 -999 25.503 9.5887 83.722 43.448 34.607 22.201 18.804 18.503 -999 -999
-999 -999 11.922 11.563 4.6251 3.7728 17.324 18.244 19.923 25.978 47.738 28.012 14.565 22.579 0 37.821 69.124 81.228 95.869 68.614 29.146 25.013 19.974 82.027 95.279 53.856 27.229 15.399 17.142 15.52 -999
-999 -999 10.674 3.1635 1.654 2.2996 15.322 29.073 29.112 32.829 31.178 51.445 28.769 23.037 30.344 48.335 78.497 99.011 89.936 75.391 37.654 32.419 91.299 113.34 104.28 85.824 39.833 7.0882 13.91 16.332 11.404
-999 -999 11.969 3.8347 1.6299 4.6553 4.8401 39.027 31.75 23.139 37.411 46.211 26.112 11.366 48.385 49.959 75.149 70.839 86.222 62.215 54.376 46.586 97.71 121.72 99.064 84.582 70.647 17.842 13.628 9.6302 9.66
-999 -999 29.192 17.618 8.6237 8.5561 4.1167 7.7493 6.2761 28.418 18.866 28.071 19.257 14.387 7.4782 23.395 41.858 36.442 46.278 43.493 43.918 45.234 79.847 90.451 59.649 59.744 68.271 24.915 14.587 3.6695 4.44
-999 -999 80.292 16.514 23.463 29.622 7.7457 30.499 19.103 3.6331 18.182 6.8302 11.656 15.369 26.112 15.926 13.698 10.526 43.207 22.526 24.666 47.95 43.394 47.924 65.774 39.315 42.716 41.179 3.2751 1.6969 0.5385
-999 -999 17.339 13.46 10.68 17.849 6.5231 46.219 49.323 10.779 16.631 12.092 7.2258 2.016 23.603 5.7832 4.9334 8.6113 11.024 13.13 20.66 41.563 35.629 38.016 46.553 41.652 34.304 33.174 1.4688 5.3437 15.878
-999 -999 -999 20.248 18.091 14.432 6.6035 8.2231 2.2158 7.2977 6.1259 5.9736 5.1001 7.4541 16.452 3 3.1712 5.7432 3.1029 2.681 10.898 20.035 29.862 32.227 15.341 -999 -999 -999 -999 -999 24.724
-999 -999 -999 24.253 45.595 13.459 5.4795 1.9412 2.1383 2.9257 5.7116 6.7469 5.0127 5.6038 4.0161 12.066 9.9747 9.1348 6.4411 2.1018 9.1131 12.161 18.291 -999 -999 -999 -999 -999 -999 -999 27.153
-999 -999 -999 -999 -999 11.128 3.3885 1.1796 1.6632 5.992 11.376 7.0991 7.2757 5.5095 5.7822 6.8164 7.6564 7.6591 5.0032 2.9381 -999 -999 -999 -999 -999 -999 -999 -999 -999 -999 -999
-999 -999 -999 -999 -999 -999 -999 -999 12.522 16.054 7.5362 8.6179 4.0815 8.3553 9.3841 8.1401 8.0062 8.9615 5.6477 2.9788 -999 -999 -999 -999 -999 -999 -999 -999 -999 -999 -999
-999 -999 -999 -999 -999 -999 -999 2.5035 0.51138 13.382 22.993 25.4 23.585 9.0652 6.948 13.933 8.5778 10.235 -999 -999 -999 -999 -999 -999 -999 -999 -999 -999 -999 -999 -999
-999 -999 -999 -999 -999 -999 4.987 2.4496 1.2369 3.9305 23.15 44.984 35.586 13.277 6.6663 20.142 11.265 -999 -999 -999 -999 -999 -999 -999 -999 -999 -999 -999 -999 -999 -999
-999 -999 -999 -999 -999 -999 5.642 1.1988 2.0948 2.6646 7.7345 76.117 21.593 9.4322 8.9998 17.099 13.579 -999 -999 -999 -999 -999 -999 -999 -999 -999 -999 -999 -999 -999 -999
-999 -999 -999 -999 -999 -999 8.8848 0.41468 1.3666 4.0385 21.157 11.547 42.723 18.326 0.49044 13.205 8.6848 -999 -999 -999 -999 -999 -999 -999 -999 -999 -999 -999 -999 -999 -999
-999 -999 -999 -999 -999 -999 -999 2.8946 1.4056 0.84701 6.9023 24.669 3.6458 19.845 11.007 7.2966 12.022 -999 -999 -999 -999 -999 -999 -999 -999 -999 -999 -999 -999 -999 -999
-999 -999 -999 -999 -999 -999 -999 -999 31.409 0.70119 2.712 4.6906 11.41 15.932 12 27.524 34.551 -999 -999 -999 -999 -999 -999 -999 -999 -999 -999 -999 -999 -999 -999
-999 -999 -999 -999 -999 -999 -999 45.853 25.575 20.733 5.1376 0 5.9991 20.685 30.554 41.882 34.018 -999 -999 -999 -999 -999 -999 -999 -999 -999 -999 -999 -999 -999 -999
-999 -999 -999 -999 -999 -999 -999 36.436 53.343 45.377 2.4185 2.4692 3.9926 1.2552 4.7554 -999 -999 -999 -999 -999 -999 -999 -999 -999 -999 -999 -999 -999 -999 -999 -999
