PC_RASTER_CASE_STUDY/rain_grids/rn_12304.asc
ncols         31
nrows         25
xllcorner     73.125000
yllcorner     13.125000
cellsize      0.25
NODATA_value  -9999
-999 17.84 16.518 15.133 8.6532 10.856 13.43 18.535 -999 -999 -999 -999 -999 -999 -999 -999 -999 -999 -999 -999 -999 -999 -999 -999 -999 -999 -999 -999 -999 -999 -999
-999 21.784 10.814 8.2994 3.7171 6.4122 12.307 11.574 9.1237 -999 -999 -999 -999 -999 -999 -999 -999 -999 -999 -999 -999 -999 -999 -999 -999 -999 -999 -999 -999 -999 -999
-999 23.848 19.518 8.5495 3.4729 1.5672 4.4575 2.6355 0.39136 1.5028 -999 -999 -999 -999 -999 -999 -999 -999 -999 -999 -999 -999 -999 -999 -999 -999 -999 -999 -999 -999 -999
23.123 22.517 20.853 13.13 5.9372 1.4124 1.0275 2.5903 1.6559 2.363 1.9281 0.81355 -999 -999 -999 -999 -999 -999 -999 -999 -999 -999 -999 -999 -999 -999 -999 -999 -999 -999 -999
-999 21.038 17.75 21.042 16.957 11.558 5.7739 7.1669 1.882 7.4474 4.2612 2.5294 -999 -999 -999 -999 -999 -999 -999 -999 -999 -999 -999 -999 -999 -999 -999 -999 -999 -999 -999
-999 11.563 11.954 24.165 19.889 14.871 17.425 24.874 9.093 9.7931 6.1749 6.3626 4.6447 1.3393 0.50094 -999 -999 -999 -999 -999 -999 -999 -999 -999 0 0 0 0.15489 0 -999 -999
-999 13.688 3.3428 8.2376 9.5445 9.0971 12.603 26.208 26.422 10.254 2.3579 2.8831 1.7922 0.87265 2.166 1.2042 1.7719 1.0305 0.29139 -999 -999 3.3057 3.7888 2.9477 0.5992 0 4.2388 3.3116 1.136 -999 -999
-999 -999 18.812 4.9162 9.8815 9.2902 10.7 25.005 37.814 27.347 1.0634 0.75065 0.27089 3.4681 2.2 1.551 0.30462 1.7635 3.1946 2.22 3.2339 2.9722 2.9504 3.9078 2.5596 6.1591 9.8976 11.262 4.0548 1.4157 -999
-999 -999 26.324 17.314 13.144 7.9306 11.361 17.621 26.412 17.693 2.5482 6.318 5.8227 6.0732 1.2712 1.757 2.1922 5.6728 3.3926 19.26 5.4093 3.0727 3.6016 3.8281 2.7511 4.0527 10.999 16.051 4.1179 0.20063 0.24952
-999 -999 52.244 32.703 15.512 7.0596 12.666 9.3479 7.5795 6.5134 3.2536 3.3994 3.7344 4.896 1.9539 1.26 3.332 6.3367 8.7191 26.589 16.987 11.765 1.4841 0.28669 1.0238 2.3945 2.5843 4.1345 1.0765 0 0
-999 -999 79.763 42.228 8.3157 10.46 11.55 4.4318 4.6239 4.3185 4.4073 5.4789 1.9801 3.34 1.0632 3.2751 5.7741 3.346 3.2162 4.292 10.636 4.9475 0.42943 1.0043 1.9443 1.8288 0.75853 1.5803 1.2635 2.5872 2.2575
-999 -999 145.03 26.084 34.707 70.977 32.278 15.553 13.02 4.0474 10.922 11.266 6.9517 5.2696 2.6787 5.7435 8.3487 3.8222 2.8065 2.8504 5.0292 1.6908 3.2974 3.7005 2.6865 1.1491 0.47553 1.6359 3.0125 5.6456 4.9272
-999 -999 25.161 24.823 25.202 35.777 20.637 34.739 31.978 5.5413 6.2965 12.533 5.5318 16.498 14.92 9.8562 2.1271 3.7732 10.805 10.655 3.5369 1.9142 4.5663 5.0663 8.7534 9.7656 0.71142 0.70927 3.234 4.4183 10.933
-999 -999 -999 20.59 27.146 18.949 17.842 23.665 24.159 7.8625 3.0334 5.2787 0.9232 13.727 16.567 61 7.9375 4.8329 13.235 20.918 14.828 5.2156 4.8003 5.7992 10.942 -999 -999 -999 -999 -999 10.734
-999 -999 -999 18.961 13.938 15.388 32.478 26.347 17.753 5.3822 8.9469 5.0779 3.2719 2.8753 2.4193 13.791 3.7322 1.8927 4.2287 14.622 20.629 18.854 5.6114 -999 -999 -999 -999 -999 -999 -999 13.248
-999 -999 -999 -999 -999 12.276 18.106 16.8 22.497 28.083 10.496 12.538 18.258 18.465 10.539 15.585 12.228 1.9834 3.0228 11.429 -999 -999 -999 -999 -999 -999 -999 -999 -999 -999 -999
-999 -999 -999 -999 -999 -999 -999 -999 4.626 8.3349 6.7922 10.309 8.8357 4.9281 1.3968 6.6865 6.1401 4.1978 3.3458 13.705 -999 -999 -999 -999 -999 -999 -999 -999 -999 -999 -999
-999 -999 -999 -999 -999 -999 -999 1.6481 2.6406 6.7935 5.4372 13.297 37.292 2.1101 0.51586 3.0082 4.8288 3.8762 -999 -999 -999 -999 -999 -999 -999 -999 -999 -999 -999 -999 -999
-999 -999 -999 -999 -999 -999 3.5902 0 0.19528 0.12722 25.73 11.673 30.956 3.1828 1.1916 1.4963 0.92215 -999 -999 -999 -999 -999 -999 -999 -999 -999 -999 -999 -999 -999 -999
-999 -999 -999 -999 -999 -999 0.99517 2.4439 0.30818 1.7047 1.2593 1.6983 0.34251 0.28656 0.50806 0.17013 0 -999 -999 -999 -999 -999 -999 -999 -999 -999 -999 -999 -999 -999 -999
-999 -999 -999 -999 -999 -999 2.2354 1.1 3.452 0 0.36468 0 0.47151 0 0 0 0.33342 -999 -999 -999 -999 -999 -999 -999 -999 -999 -999 -999 -999 -999 -999
-999 -999 -999 -999 -999 -999 -999 0.24074 5.0331 0.16302 0 0 0.85268 0 0 0 0.38863 -999 -999 -999 -999 -999 -999 -999 -999 -999 -999 -999 -999 -999 -999
-999 -999 -999 -999 -999 -999 -999 -999 2.4195 0.30092 0.86432 1.9943 0 0 0 2.0153 0 -999 -999 -999 -999 -999 -999 -999 -999 -999 -999 -999 -999 -999 -999
-999 -999 -999 -999 -999 -999 -999 10.459 16.531 3.2042 0 4.9807 0 0 0 2.3704 7.5148 -999 -999 -999 -999 -999 -999 -999 -999 -999 -999 -999 -999 -999 -999
-999 -999 -999 -999 -999 -999 -999 1.6764 4.8948 9.4116 6.285 4.4841 0 7.2534 0 -999 -999 -999 -999 -999 -999 -999 -999 -999 -999 -999 -999 -999 -999 -999 -999
