PC_RASTER_CASE_STUDY/rain_grids/rn_14452.asc
ncols         31
nrows         25
xllcorner     73.125000
yllcorner     13.125000
cellsize      0.25
NODATA_value  -9999
-999 43.162 63.655 41.342 6.0266 3.136 4.4193 8.3683 -999 -999 -999 -999 -999 -999 -999 -999 -999 -999 -999 -999 -999 -999 -999 -999 -999 -999 -999 -999 -999 -999 -999
-999 55.159 60.118 44.654 4.8905 4.8106 5.0373 8.7592 8.0643 -999 -999 -999 -999 -999 -999 -999 -999 -999 -999 -999 -999 -999 -999 -999 -999 -999 -999 -999 -999 -999 -999
-999 70.369 57.656 42.289 5.0592 5.5275 6.6681 7.9306 6.0939 5.4405 -999 -999 -999 -999 -999 -999 -999 -999 -999 -999 -999 -999 -999 -999 -999 -999 -999 -999 -999 -999 -999
103.74 124.01 55.828 46.065 7.3107 9.6456 8.4434 5.81 7.4901 12.004 13.708 11.978 -999 -999 -999 -999 -999 -999 -999 -999 -999 -999 -999 -999 -999 -999 -999 -999 -999 -999 -999
-999 124.12 48.787 34.89 16.296 12.658 9.6744 7.5068 13.118 13.949 16.072 17.694 -999 -999 -999 -999 -999 -999 -999 -999 -999 -999 -999 -999 -999 -999 -999 -999 -999 -999 -999
-999 221.11 67.644 39.718 23.178 17.491 7.2237 7.7335 12.682 20.441 18.406 14.051 16.308 10.036 7.444 -999 -999 -999 -999 -999 -999 -999 -999 -999 3.482 3.8177 4.5739 6.0727 7.4293 -999 -999
-999 193.9 110.33 65.743 40.555 30.095 8.3802 7.3212 10.335 33.398 15.27 13.435 15.046 13.633 7.9799 9.9696 9.0686 8.2317 6.5516 -999 -999 9.3884 9.2931 8.8915 7.0272 7.4189 9.6863 10.463 8.57 -999 -999
-999 -999 90.645 60.519 35.458 31.879 15.631 10.476 13.141 16.706 12.887 13.696 14.311 15.603 11.157 10.197 9.4564 10.526 9.3389 7.333 7.4301 9.199 8.8308 7.7981 6.6543 9.1372 13.514 13.965 12.343 5.4754 -999
-999 -999 84.212 26.672 28.011 30.585 19.652 10.834 11.572 7.678 7.2383 9.1969 7.3985 9.1401 11.901 8.3569 9.3071 11.312 11.851 6.6888 4.8479 1.6883 4.9735 4.921 4.4025 5.5585 14.047 22.376 13.004 11.208 10.756
-999 -999 86.211 63.548 45.852 14.179 16.903 10.463 8.9516 3.6531 4.0198 4.9963 5.6761 1.1734 5.5587 9.1819 8.3694 5.8891 13.613 7.9973 5.4239 2.7946 3.095 2.1882 2.8932 3.7679 5.6602 3.8513 6.5287 10.96 6.7254
-999 -999 124.01 73.444 55.46 37.725 23.016 10.635 8.4729 8.3306 5.1847 4.8164 5.1551 4.9425 6.6465 15.184 7.4475 6.4216 15.315 12.347 8.0805 5.4424 3.1431 1.4959 1.7807 2.1614 1.5089 0.69992 1.2249 3.8339 4.4263
-999 -999 214.23 123.77 76.502 52.763 33.302 21.81 13.686 11.746 11.909 10.286 23.288 31.716 6.0712 4.9206 4.187 5.8557 15.237 13.231 7.7791 5.5822 3.1454 0.72002 0.37051 1.9449 0 0 0.50225 0.47699 0.57145
-999 -999 132.89 113.59 64.43 35.186 19.472 12.808 9.9014 9.85 11.138 8.6901 6.0246 9.1135 6.4585 4.1907 5.6064 10.387 12.921 13.737 5.8571 4.4637 3.5397 2.4907 0.48939 0.98892 0.16731 0 0 0.11221 0
-999 -999 -999 80.217 68.5 24.691 21.046 11.944 9.5922 5.7469 4.5668 4.5449 6.8127 4.9669 4.8363 5.926 8.3864 6.7564 8.8411 6.7374 2.0915 3.0286 3.4849 2.1326 0.4911 -999 -999 -999 -999 -999 0
-999 -999 -999 76.758 101.57 7.9595 24.222 12.724 6.9067 5.6118 7.6578 9.549 8.1782 3.763 6.5362 8.1721 2.4561 3.0345 6.6678 6.7903 0.86466 2.1297 1.8341 -999 -999 -999 -999 -999 -999 -999 0
-999 -999 -999 -999 -999 91.892 40.129 30.981 5.9965 5.0991 8.7254 4.74 1.9579 1.8268 6.2574 2.0942 0.20743 0.86752 2.3073 1.6119 -999 -999 -999 -999 -999 -999 -999 -999 -999 -999 -999
-999 -999 -999 -999 -999 -999 -999 -999 13.599 5.0664 1.7284 0.90887 0 1.232 0.38595 0.3879 0 0.4152 1.1428 0.51117 -999 -999 -999 -999 -999 -999 -999 -999 -999 -999 -999
-999 -999 -999 -999 -999 -999 -999 33.96 14.604 16.869 7.8963 1.2074 0.5676 1.9544 0.51083 0.37341 0 0 -999 -999 -999 -999 -999 -999 -999 -999 -999 -999 -999 -999 -999
-999 -999 -999 -999 -999 -999 79.163 62.84 24.43 21.274 5.5678 2.1172 2.522 2.4378 4.4408 1.3514 0.56849 -999 -999 -999 -999 -999 -999 -999 -999 -999 -999 -999 -999 -999 -999
-999 -999 -999 -999 -999 -999 64.859 45.906 24.58 15.422 9.9004 5.9656 8.7858 2.6087 6.855 6.2434 2.6227 -999 -999 -999 -999 -999 -999 -999 -999 -999 -999 -999 -999 -999 -999
-999 -999 -999 -999 -999 -999 89.147 55.905 15.887 3.9427 9.0934 8.3801 6.3057 4.446 8.8855 0 0.13199 -999 -999 -999 -999 -999 -999 -999 -999 -999 -999 -999 -999 -999 -999
-999 -999 -999 -999 -999 -999 -999 65.605 27.281 7.3435 5.5996 3.6096 4.2016 1.2453 0.35432 0 0 -999 -999 -999 -999 -999 -999 -999 -999 -999 -999 -999 -999 -999 -999
-999 -999 -999 -999 -999 -999 -999 -999 77.28 63.723 23.392 11.248 2.4778 0.68268 0.4 0.32062 2.8833 -999 -999 -999 -999 -999 -999 -999 -999 -999 -999 -999 -999 -999 -999
-999 -999 -999 -999 -999 -999 -999 91.203 75.572 52.877 15.69 5.0306 3.6731 0.26241 0.10198 1.3357 5.6915 -999 -999 -999 -999 -999 -999 -999 -999 -999 -999 -999 -999 -999 -999
-999 -999 -999 -999 -999 -999 -999 66.836 61.636 21.173 11.011 11.238 0.73624 0 0 -999 -999 -999 -999 -999 -999 -999 -999 -999 -999 -999 -999 -999 -999 -999 -999
