PC_RASTER_CASE_STUDY/rain_grids/rn_10786.asc
ncols         31
nrows         25
xllcorner     73.125000
yllcorner     13.125000
cellsize      0.25
NODATA_value  -9999
-999 25.604 5.142 3.5397 2.3709 3.6041 5.6233 0.58473 -999 -999 -999 -999 -999 -999 -999 -999 -999 -999 -999 -999 -999 -999 -999 -999 -999 -999 -999 -999 -999 -999 -999
-999 27.238 6.568 4.9393 1.2554 2.1004 7.9274 8.8531 15.495 -999 -999 -999 -999 -999 -999 -999 -999 -999 -999 -999 -999 -999 -999 -999 -999 -999 -999 -999 -999 -999 -999
-999 41.413 12.845 5.3473 1.0029 1.3267 8.1129 24.043 18.496 32.496 -999 -999 -999 -999 -999 -999 -999 -999 -999 -999 -999 -999 -999 -999 -999 -999 -999 -999 -999 -999 -999
119.08 43.594 7.7418 7.5084 1.4658 0.25989 5.4018 18.226 19.494 28.56 28.674 29.103 -999 -999 -999 -999 -999 -999 -999 -999 -999 -999 -999 -999 -999 -999 -999 -999 -999 -999 -999
-999 56.259 21.886 9.8496 6.9277 11.371 12.275 19.286 17.326 16.253 22.553 20.749 -999 -999 -999 -999 -999 -999 -999 -999 -999 -999 -999 -999 -999 -999 -999 -999 -999 -999 -999
-999 149.25 21.653 13.762 4.5901 14.714 12.258 13.256 14.923 12.754 15.193 11.485 22.12 21.828 19.24 -999 -999 -999 -999 -999 -999 -999 -999 -999 63.121 71.464 76.069 81.826 81.91 -999 -999
-999 112.96 53.047 28.666 13.926 35.848 19.034 9.0816 10.84 12.411 12.657 9.6975 14.139 17.138 24.929 29.115 15.882 44.626 25.79 -999 -999 30.816 17.911 67.04 58.642 74.564 71.358 57.82 51.578 -999 -999
-999 -999 59.124 29.482 14.401 26.155 9.3957 7.3197 11.684 10.805 11.255 12.769 11.706 18.742 0 26.326 23.177 52.42 33.218 35.689 35.169 38.747 43.457 47.02 44.018 31.084 40.558 37.817 44.246 42.231 -999
-999 -999 69.586 58.462 42.507 15.857 7.2372 7.3384 9.9674 9.2979 7.4346 10.512 12.682 14.139 11.173 23.454 23.712 33.521 24.84 22.957 29.836 20.19 29.19 27.243 16.131 10.623 11.71 13.803 36.638 46.954 20.307
-999 -999 108.46 69.671 42.225 20.528 16.157 9.1276 9.126 4.2964 7.2888 5.9447 15.805 25.711 18.282 17.077 23.013 25.722 22.344 22.067 18.369 18.638 22.999 18.728 13.049 9.5585 9.5232 10.778 14.396 19.643 10.177
-999 -999 123.72 69.77 31.044 27.747 24.97 13.349 20.231 8.859 3.1086 6.3979 12.25 19.995 11.694 16.669 17.344 15.909 18.686 16.718 8.7625 9.3675 11.117 9.335 6.9274 8.0276 10.354 11.453 11.92 14.098 11.739
-999 -999 95.021 69.922 21.059 11.083 9.5794 6.3234 7.4108 0.52816 8.9924 24.825 7.5871 13.892 16.879 11.747 16.398 14.541 18.084 12.572 8.6973 9.4589 11.099 6.5749 5.9941 10.175 16.278 25.695 17.089 15.294 18.269
-999 -999 60.26 23.982 29.993 18.68 10.583 6.1618 6.2449 6.0017 3.8676 8.4307 6.5916 15.156 20.27 1.1481 8.8961 13.776 17.597 17.008 15.849 10.922 15.247 14.837 8.3031 10.459 22.094 26.725 17.545 17.116 17.688
-999 -999 -999 19.785 76.026 21.738 27.202 9.3 4.2877 9.015 9.4368 11.197 24.716 19.228 9.532 0 19.167 27.334 14.383 13.349 15.393 9.9401 15.536 14.405 9.8891 -999 -999 -999 -999 -999 14.165
-999 -999 -999 186.98 33.422 57.216 19.667 18.768 7.2892 27.863 9.8106 21.25 10.472 10.09 19.936 22.622 23.938 26.431 20.867 10.011 2.6916 7.5829 10.68 -999 -999 -999 -999 -999 -999 -999 14.479
-999 -999 -999 -999 -999 87.504 57.647 3 19.917 8.1298 7.4132 5.4469 6.907 1.4749 5.0282 10.13 10.046 9.4157 7.1955 5.2667 -999 -999 -999 -999 -999 -999 -999 -999 -999 -999 -999
-999 -999 -999 -999 -999 -999 -999 -999 14.09 10.7 2.4995 5.6899 5.7108 2.2489 0.3428 11.131 2.9826 2.4769 2.2065 0.96702 -999 -999 -999 -999 -999 -999 -999 -999 -999 -999 -999
-999 -999 -999 -999 -999 -999 -999 50.312 9.6054 15.473 9.9537 8.0371 8.337 9.4652 4.6827 16.811 3.6287 1.6929 -999 -999 -999 -999 -999 -999 -999 -999 -999 -999 -999 -999 -999
-999 -999 -999 -999 -999 -999 95.626 75.249 40.263 22.552 16.979 8.1077 5.1667 3.5733 3.811 4.8357 3.5263 -999 -999 -999 -999 -999 -999 -999 -999 -999 -999 -999 -999 -999 -999
-999 -999 -999 -999 -999 -999 153.16 88.245 43.87 10.895 15.925 9.9916 6.2522 2.8688 3.3918 3.5635 3.1555 -999 -999 -999 -999 -999 -999 -999 -999 -999 -999 -999 -999 -999 -999
-999 -999 -999 -999 -999 -999 182.06 69.538 40.8 12.392 43.233 10.746 2.7187 2.8817 0.143 0.1027 2.6472 -999 -999 -999 -999 -999 -999 -999 -999 -999 -999 -999 -999 -999 -999
-999 -999 -999 -999 -999 -999 -999 63.233 33.56 19.498 26.146 6.6574 31.255 11.964 3.8721 3.9601 3.0367 -999 -999 -999 -999 -999 -999 -999 -999 -999 -999 -999 -999 -999 -999
-999 -999 -999 -999 -999 -999 -999 -999 123.01 61.233 58.209 19.342 15.228 8.178 11 8.7954 1.3929 -999 -999 -999 -999 -999 -999 -999 -999 -999 -999 -999 -999 -999 -999
-999 -999 -999 -999 -999 -999 -999 64.983 129.37 75.854 14.374 24.501 21.279 6.9054 8.8684 20.4 8.9981 -999 -999 -999 -999 -999 -999 -999 -999 -999 -999 -999 -999 -999 -999
-999 -999 -999 -999 -999 -999 -999 84.19 160.74 160.77 21.137 28.455 9.3567 30.03 6.7938 -999 -999 -999 -999 -999 -999 -999 -999 -999 -999 -999 -999 -999 -999 -999 -999
