PC_RASTER_CASE_STUDY/rain_grids/rn_12270.asc
ncols         31
nrows         25
xllcorner     73.125000
yllcorner     13.125000
cellsize      0.25
NODATA_value  -9999
-999 113.87 36.388 8.142 3.3621 2.3265 4.2699 2.1064 -999 -999 -999 -999 -999 -999 -999 -999 -999 -999 -999 -999 -999 -999 -999 -999 -999 -999 -999 -999 -999 -999 -999
-999 129.32 62.261 5.0098 3.007 3.2509 3.8875 3.1242 2.6618 -999 -999 -999 -999 -999 -999 -999 -999 -999 -999 -999 -999 -999 -999 -999 -999 -999 -999 -999 -999 -999 -999
-999 140.46 143.35 11.485 3.3455 3.839 3.8193 2.8687 2.9221 1.5697 -999 -999 -999 -999 -999 -999 -999 -999 -999 -999 -999 -999 -999 -999 -999 -999 -999 -999 -999 -999 -999
188.97 155.44 117.65 13.723 4.7724 3.8445 3.5851 2.5689 2.9858 2.0954 0.44333 0.96113 -999 -999 -999 -999 -999 -999 -999 -999 -999 -999 -999 -999 -999 -999 -999 -999 -999 -999 -999
-999 195.45 73.977 21.592 9.6529 3.0099 2.049 2.2724 4.579 10.296 7.4775 5.9255 -999 -999 -999 -999 -999 -999 -999 -999 -999 -999 -999 -999 -999 -999 -999 -999 -999 -999 -999
-999 236.33 61.386 21.29 3.7398 2.0793 0.17158 1.2096 1.4058 1.4441 4.7545 3.9059 3.2553 3.4708 5.5071 -999 -999 -999 -999 -999 -999 -999 -999 -999 26.588 24.635 14.474 46.668 11.429 -999 -999
-999 142.86 27.51 6.9487 2.7417 0.33858 0 2.0311 4.4137 0.30461 2.5377 5.9068 3.0004 3.4773 5.5921 3.458 3.8002 4.0239 3.1152 -999 -999 5.5788 4.9896 10.059 22.633 23.238 24.577 30.798 76.21 -999 -999
-999 -999 53.189 12.736 4.9879 1.1222 0 1.2897 6.6861 5.4144 6.9254 10.619 4.1097 0.81601 7 11.484 3.7429 5.7208 7.1918 5.1449 5.118 5.7914 6.9584 3.6557 13.103 20.581 19.852 35.382 77.252 98.26 -999
-999 -999 69.146 41.831 32.553 6.7846 2.1008 0.69182 3.3808 7.6399 14.094 8.4056 5.3408 6.6568 15.675 9.3179 5.2137 9.811 7.2242 6.1146 5.0542 5.4254 3.1109 0.88894 8.0998 11.032 20.749 27.346 38.71 16.216 37.553
-999 -999 71.537 46.924 38.037 10.06 6.522 0.72129 1.1914 3.7978 11.591 14.757 13.991 4.4569 12.947 10.774 2.7225 9.2656 11.145 5.0395 5.0319 4.1926 3.1215 2.6225 4.6093 7.3073 6.3726 15.717 15.318 19.974 30.799
-999 -999 115.21 57.501 28.844 10.558 8.4437 4.51 3.5184 7.7411 8.0357 13.591 11.8 10.551 18.542 14.941 24.501 16.909 8.1797 7.1871 6.738 6.2826 3.1565 3.634 4.4882 4.4458 3.9307 6.9022 13.781 19.144 19.685
-999 -999 227.71 125.38 43.049 25.197 14.119 5.4176 3.0007 3.6567 3.7137 1.182 1.1324 10.856 9.0827 10.588 1.6838 2.7737 7.8507 6.2527 9.236 8.6932 9.2727 7.4236 4.1119 4.1411 5.8093 10.681 21.705 18.483 16.179
-999 -999 139.17 102.05 85.816 31.258 13.988 5.57 5.5371 2.123 1.4099 1.5725 0.14231 0.50561 8.508 2.4296 0.25527 0.44299 10.533 8.0584 7.8988 9.7067 13.447 12.114 8.07 5.1148 7.3831 10.958 24.657 24.477 9.0219
-999 -999 -999 130.73 120.32 65.555 24.395 10.623 5.8165 2.053 1.6846 5.9383 4.0326 0.57229 1.2333 3 0.44183 2.3367 9.5862 15.288 11.412 11.061 13.811 13.93 13.553 -999 -999 -999 -999 -999 24.465
-999 -999 -999 129.61 196.8 91.61 34.257 16.673 9.8705 22.537 6.7119 2.7561 3.1659 3.5179 10.341 7.5979 4.3765 3.5159 3.7471 9.4629 4.3067 5.1586 15.787 -999 -999 -999 -999 -999 -999 -999 15.44
-999 -999 -999 -999 -999 140.53 81.192 45.08 15.352 12.618 6.3644 5.1421 5.2354 8.8186 11.64 12.918 8.8198 4.9239 6.0839 3.4494 -999 -999 -999 -999 -999 -999 -999 -999 -999 -999 -999
-999 -999 -999 -999 -999 -999 -999 -999 81.383 39.216 7.9725 5.292 3.1531 3.8229 1.5025 2.4411 0.92101 2.089 5.0756 3.5576 -999 -999 -999 -999 -999 -999 -999 -999 -999 -999 -999
-999 -999 -999 -999 -999 -999 -999 64.876 52.532 37.489 19.122 14.419 16.881 7.7039 1.9761 2.0144 0.31777 0.93667 -999 -999 -999 -999 -999 -999 -999 -999 -999 -999 -999 -999 -999
-999 -999 -999 -999 -999 -999 95.356 54.219 52.443 33.176 27.64 21.332 18.073 4.0343 2.7399 3.5659 1.5289 -999 -999 -999 -999 -999 -999 -999 -999 -999 -999 -999 -999 -999 -999
-999 -999 -999 -999 -999 -999 107.26 57.91 37.848 34.416 45.689 19.574 9.8796 5.4575 2.2903 1.4953 1.8043 -999 -999 -999 -999 -999 -999 -999 -999 -999 -999 -999 -999 -999 -999
-999 -999 -999 -999 -999 -999 136.9 92.702 58.061 34.587 92.53 23.55 11.197 8.3808 2.7765 0 2.0426 -999 -999 -999 -999 -999 -999 -999 -999 -999 -999 -999 -999 -999 -999
-999 -999 -999 -999 -999 -999 -999 52.275 70.826 49.968 69.677 27.052 42.653 20.311 3.8665 1.6186 0.72909 -999 -999 -999 -999 -999 -999 -999 -999 -999 -999 -999 -999 -999 -999
-999 -999 -999 -999 -999 -999 -999 -999 106.41 61.4 47.229 15.808 25.955 12.186 15.6 13.311 0.3398 -999 -999 -999 -999 -999 -999 -999 -999 -999 -999 -999 -999 -999 -999
-999 -999 -999 -999 -999 -999 -999 276.03 127.16 86.335 6.5048 19.337 12.017 12.037 7.672 16.462 4.4573 -999 -999 -999 -999 -999 -999 -999 -999 -999 -999 -999 -999 -999 -999
-999 -999 -999 -999 -999 -999 -999 111.64 101.94 112.65 42.544 25.883 11.164 8.4 14.055 -999 -999 -999 -999 -999 -999 -999 -999 -999 -999 -999 -999 -999 -999 -999 -999
