PC_RASTER_CASE_STUDY/rain_grids/rn_10134.asc
ncols         31
nrows         25
xllcorner     73.125000
yllcorner     13.125000
cellsize      0.25
NODATA_value  -9999
-999 2.8707 1.9505 3.46 0.77812 2.3735 1.4979 2.9077 -999 -999 -999 -999 -999 -999 -999 -999 -999 -999 -999 -999 -999 -999 -999 -999 -999 -999 -999 -999 -999 -999 -999
-999 10.92 6.3495 3.0824 0 0.73843 1.3935 1.8525 5.3332 -999 -999 -999 -999 -999 -999 -999 -999 -999 -999 -999 -999 -999 -999 -999 -999 -999 -999 -999 -999 -999 -999
-999 14.7 6.3792 2.4888 0.18722 2.6953 2.0117 0.50311 3.351 12.554 -999 -999 -999 -999 -999 -999 -999 -999 -999 -999 -999 -999 -999 -999 -999 -999 -999 -999 -999 -999 -999
5.7203 11.914 4.0165 8.8538 3.4456 4.8625 3.9508 2.9998 3.0852 18.441 22.872 27.323 -999 -999 -999 -999 -999 -999 -999 -999 -999 -999 -999 -999 -999 -999 -999 -999 -999 -999 -999
-999 12.52 27.28 34.915 14.503 9.5704 6.515 5.4587 4.1218 8.8744 11.992 15.175 -999 -999 -999 -999 -999 -999 -999 -999 -999 -999 -999 -999 -999 -999 -999 -999 -999 -999 -999
-999 42.934 49.932 45.212 23.427 15.214 26.342 17.258 18.209 20.576 13.06 11.469 23.099 16.169 14.188 -999 -999 -999 -999 -999 -999 -999 -999 -999 0.89345 0.58922 0.48312 0.3867 0 -999 -999
-999 26.862 7.3147 9.6319 16.607 23.662 37.929 36.903 43.574 26.661 21.366 15.956 22.105 11.108 1.2324 2.5977 15.101 6.0387 0.58667 -999 -999 3.9012 0.76751 1.2075 0.67412 1.5419 0.59821 5.3502 0 -999 -999
-999 -999 9.7893 5.4377 13.601 17.869 18.758 17.751 27.822 24.556 21.51 18.456 12.726 19.89 7 4.3457 1.915 0.5738 4.4342 6.367 6.363 6.4322 6.5505 2.1974 6.477 4.6277 1.7798 4.8827 13.852 18.36 -999
-999 -999 12.001 9.4471 8.2473 10.808 15.884 13.507 17.603 21.813 18.181 22.146 17.749 12.251 12.308 2.6925 1.0657 0.40591 5.2159 1.9306 5.531 6.0411 3.9441 2.1743 7.5886 7.5114 2.2752 0.51902 20.867 27.83 14.988
-999 -999 29.607 12.31 7.4743 8.2007 8.8735 5.2724 5.5168 2.5631 15.624 26.96 10.091 37.706 7.3385 3.0248 0.73907 0.20693 7.3354 0.57886 3.8287 3.33 7.2126 10.233 8.4837 5.4021 0.64692 5.7684 8.4016 11.795 13.796
-999 -999 38.724 16.676 13.336 10.178 2.6964 4.3879 0.44857 4.777 2.1704 12.028 18.202 15.671 16.871 29.3 9.5554 4.6803 10.036 7.4409 0 0 4.501 7.4544 6.0986 3.5928 2.739 9.7228 7.62 3.0962 2.9313
-999 -999 54.837 30.945 25.619 39.197 1.5057 13.388 10.897 1.1353 6.4876 13.057 19.678 14.633 22.271 11.078 12.079 18.839 7.9865 1.2104 0 0.23621 4.3822 8.8779 7.3349 5.0046 7.1552 10.643 11.475 4.7473 4.5214
-999 -999 37.101 21.163 12.507 9.9228 3.4516 13.557 14.92 14.039 13.14 28.068 38.757 32.848 24.732 5.0242 16.267 18.536 7.605 0 0 0.62156 8.478 13.454 19.5 19.878 9.565 11.373 16.915 14.962 4.875
-999 -999 -999 12.038 6.1838 1.9437 11.383 0 1.3521 2.3242 12.176 29.694 26.789 43.98 9.0883 0 2.1995 23.415 4.4431 1.7751 0.34403 4.2888 13.478 14.332 25.026 -999 -999 -999 -999 -999 39.507
-999 -999 -999 9.4949 5.8778 10.953 5.3276 0.44475 1.087 1.8103 4.0901 8.5078 12.087 26.894 4.4424 6.982 36.532 15.567 10.497 2.54 2.887 4.8809 21.008 -999 -999 -999 -999 -999 -999 -999 28.113
-999 -999 -999 -999 -999 0.39674 16.821 7.2 5.722 5.8583 3.921 1.8733 2.2485 11.285 2.4906 7.1056 16.204 8.2419 1.7774 2.2037 -999 -999 -999 -999 -999 -999 -999 -999 -999 -999 -999
-999 -999 -999 -999 -999 -999 -999 -999 23.227 18.557 75.525 7.4127 3.3715 7.8713 1.5651 2.8874 0.13906 0.16401 1.1074 2.0058 -999 -999 -999 -999 -999 -999 -999 -999 -999 -999 -999
-999 -999 -999 -999 -999 -999 -999 0.66998 4.2501 4.7551 31.36 1.2666 0.72648 0.58673 0.23704 1.2406 0 0 -999 -999 -999 -999 -999 -999 -999 -999 -999 -999 -999 -999 -999
-999 -999 -999 -999 -999 -999 28.298 11.177 0 2.0981 21.958 8.4998 0.49991 0 0 0 0 -999 -999 -999 -999 -999 -999 -999 -999 -999 -999 -999 -999 -999 -999
-999 -999 -999 -999 -999 -999 1.8358 3.8519 9.8942 0 4.0727 14.52 6.7194 24.254 0 2.7666 0 -999 -999 -999 -999 -999 -999 -999 -999 -999 -999 -999 -999 -999 -999
-999 -999 -999 -999 -999 -999 4.9551 2.4592 5.0588 4.533 11.94 2.711 82.759 8.1145 9.3453 8.7471 7.068 -999 -999 -999 -999 -999 -999 -999 -999 -999 -999 -999 -999 -999 -999
-999 -999 -999 -999 -999 -999 -999 6.7775 4.444 8.6381 1.895 4.07 0.94884 23.398 13.005 9.4917 9.2267 -999 -999 -999 -999 -999 -999 -999 -999 -999 -999 -999 -999 -999 -999
-999 -999 -999 -999 -999 -999 -999 -999 20.422 0.2446 5.6632 0.72645 1.8148 1.8462 43.2 11.981 4.1421 -999 -999 -999 -999 -999 -999 -999 -999 -999 -999 -999 -999 -999 -999
-999 -999 -999 -999 -999 -999 -999 1.4298 32.826 11.701 0.11618 14.204 3.187 7.5751 2.573 2 5.8902 -999 -999 -999 -999 -999 -999 -999 -999 -999 -999 -999 -999 -999 -999
-999 -999 -999 -999 -999 -999 -999 6.3435 4.8422 12.339 3.801 5.2438 25.092 2.3611 5.3547 -999 -999 -999 -999 -999 -999 -999 -999 -999 -999 -999 -999 -999 -999 -999 -999
