PC_RASTER_CASE_STUDY/rain_grids/rn_12665.asc
ncols         31
nrows         25
xllcorner     73.125000
yllcorner     13.125000
cellsize      0.25
NODATA_value  -9999
-999 0.50511 0.16472 0 0 0 5.466 0 -999 -999 -999 -999 -999 -999 -999 -999 -999 -999 -999 -999 -999 -999 -999 -999 -999 -999 -999 -999 -999 -999 -999
-999 2.8559 7.7864 16.615 21.642 21.7 21.864 7.3375 0.3859 -999 -999 -999 -999 -999 -999 -999 -999 -999 -999 -999 -999 -999 -999 -999 -999 -999 -999 -999 -999 -999 -999
-999 8.5724 16.824 22.507 22.916 23.335 22.028 7.1 7.0997 6.3964 -999 -999 -999 -999 -999 -999 -999 -999 -999 -999 -999 -999 -999 -999 -999 -999 -999 -999 -999 -999 -999
12.348 18.034 22.543 25.184 27.025 29.152 26.342 7.1019 7.1 7.0933 6.9492 6.3129 -999 -999 -999 -999 -999 -999 -999 -999 -999 -999 -999 -999 -999 -999 -999 -999 -999 -999 -999
-999 21.686 24.331 27.498 30.325 31.048 27.458 7.4035 7.1 7.1 7.0978 7.0665 -999 -999 -999 -999 -999 -999 -999 -999 -999 -999 -999 -999 -999 -999 -999 -999 -999 -999 -999
-999 21.629 24.29 29.592 32.352 34.082 29.305 8.1179 7.1028 7.1 7.1 7.0999 7.0906 6.8444 3.3132 -999 -999 -999 -999 -999 -999 -999 -999 -999 15.862 5.5258 5.0317 2.2277 3.1104 -999 -999
-999 23.07 28.801 36.129 34.395 33.727 26.994 9.2297 7.1671 7.1004 7.1 7.1 7.095 6.7302 2.2333 1.6398 2.1325 3.6536 4.9211 -999 -999 24.388 2.6587 9.1717 8.57 8.2069 6.416 3.9424 1.3489 -999 -999
-999 -999 37.349 39.928 33.678 28.817 24.576 11.427 7.4394 7.1098 7.1 7.1 7.0784 6.242 1.3615 1.392 1.6797 2.9545 5.8671 25.342 39.455 37.787 30.832 7.3243 6.1938 3.7886 2.7115 4.7983 6.4021 5.6494 -999
-999 -999 28.242 32.509 25.389 20.582 20.948 15.936 8.3474 7.2001 7.1019 7.1 7.0333 5.2776 0.74599 1.1389 0.74403 0.43101 6.4947 4.9491 35.883 38.694 12.394 0.94758 0.576 1.4549 2.082 1.5702 11.573 19.935 3.766
-999 -999 14.879 13.678 14.185 18.611 17.789 16.677 13.748 7.6389 7.1204 7.1 6.9053 2.529 0.62276 1.0163 0.90504 0.62995 2.0728 0 14.726 20.553 3.8545 1.2574 1.9688 4.094 8.2104 0.84524 1.9788 4.956 0.4212
-999 -999 7.5066 3.8263 5.9442 18.951 16.603 15.939 17.14 9.4185 7.2008 7.0996 6.657 1.8057 0.95331 0.34862 0 0.39655 0.14909 1.6379 10.78 13.347 3.9841 2.0359 3.1578 5.5544 7.0832 0.80669 0 0 0
-999 -999 5.3489 5.1477 7.9909 12.574 14.321 15.35 17.797 16.317 7.4933 6.8431 4.835 6.1787 6.3874 6.547 0.52645 0.78755 2.1927 9.7966 22.236 12.844 17.648 15.251 9.0248 12.556 24.508 15.566 4.4506 0.52883 1.8653
-999 -999 4.0745 2.5466 8.3767 12.234 12.574 15.435 18.339 19.768 7.2626 4.3949 5.4393 6.4003 7.2663 8.0191 9.4118 8.3539 15.979 20.953 14.837 13.311 21.421 19.188 17.591 18.196 38.661 30.943 2.1716 11.037 16.969
-999 -999 -999 2.5428 0.95762 5.6823 7.6607 12.366 17.943 19.8 4.0657 4.6535 6.6747 8.8506 7.3393 6.1544 8.8771 14.652 24.355 30.167 26.433 18.675 20.16 22.669 10.03 -999 -999 -999 -999 -999 50.877
-999 -999 -999 0.85891 3.1942 3.4582 3.8796 4.3737 6.9166 10.728 4.412 5.3933 11.041 13.623 13.222 5.7514 14.576 16.341 16.935 25.226 10.869 11.051 11.159 -999 -999 -999 -999 -999 -999 -999 30.706
-999 -999 -999 -999 -999 4.1408 4.6222 5.4259 6.978 11.784 16.722 11.07 20.648 23.413 29.517 23.855 28.253 11.725 7.0352 9.2354 -999 -999 -999 -999 -999 -999 -999 -999 -999 -999 -999
-999 -999 -999 -999 -999 -999 -999 -999 8.6697 12 25.984 29 33.21 39.45 40.889 64.624 91.155 32.403 10.882 6.3171 -999 -999 -999 -999 -999 -999 -999 -999 -999 -999 -999
-999 -999 -999 -999 -999 -999 -999 7.2871 10.266 14.339 25.499 27.839 31.852 42.012 43.636 50.351 77.871 27.515 -999 -999 -999 -999 -999 -999 -999 -999 -999 -999 -999 -999 -999
-999 -999 -999 -999 -999 -999 6.653 8.4006 11.502 25.259 25.139 26.792 32.288 36.926 32.422 27.477 44 -999 -999 -999 -999 -999 -999 -999 -999 -999 -999 -999 -999 -999 -999
-999 -999 -999 -999 -999 -999 7.3859 9.765 12 23.279 24.892 25.509 28.641 31.939 32.718 38.647 82.737 -999 -999 -999 -999 -999 -999 -999 -999 -999 -999 -999 -999 -999 -999
-999 -999 -999 -999 -999 -999 8.657 11.609 10.689 16.865 23.996 22.648 24.08 24.161 23.905 26.104 22.618 -999 -999 -999 -999 -999 -999 -999 -999 -999 -999 -999 -999 -999 -999
-999 -999 -999 -999 -999 -999 -999 10.399 8.4595 9.4946 15.089 13.213 12.453 11.132 8.2334 5.5742 7.5684 -999 -999 -999 -999 -999 -999 -999 -999 -999 -999 -999 -999 -999 -999
-999 -999 -999 -999 -999 -999 -999 -999 6.5203 4.935 4 5.2621 6.4416 6.8147 7.0404 6.5926 8.3965 -999 -999 -999 -999 -999 -999 -999 -999 -999 -999 -999 -999 -999 -999
-999 -999 -999 -999 -999 -999 -999 6.3088 5.0544 4.2848 4 4 4.3437 5.3704 6.4419 8.0299 10.111 -999 -999 -999 -999 -999 -999 -999 -999 -999 -999 -999 -999 -999 -999
-999 -999 -999 -999 -999 -999 -999 3.8 3.8 3.8 3.9167 4 4.0076 4.4979 5.5514 -999 -999 -999 -999 -999 -999 -999 -999 -999 -999 -999 -999 -999 -999 -999 -999
