PC_RASTER_CASE_STUDY/rain_grids/rn_1316.asc
ncols         31
nrows         25
xllcorner     73.125000
yllcorner     13.125000
cellsize      0.25
NODATA_value  -9999
-999 11.65 14.869 12.326 3.5826 2.3478 0.81579 0.14958 -999 -999 -999 -999 -999 -999 -999 -999 -999 -999 -999 -999 -999 -999 -999 -999 -999 -999 -999 -999 -999 -999 -999
-999 49.944 12.823 12.082 5.2787 3.0727 0 0.36639 1.6304 -999 -999 -999 -999 -999 -999 -999 -999 -999 -999 -999 -999 -999 -999 -999 -999 -999 -999 -999 -999 -999 -999
-999 59.861 18.274 9.6277 3.371 1.2816 1.2646 0.42767 1.6812 3.5585 -999 -999 -999 -999 -999 -999 -999 -999 -999 -999 -999 -999 -999 -999 -999 -999 -999 -999 -999 -999 -999
35.137 54.216 20.356 8.0708 1.5609 1.8761 3.1799 2.4181 2.3532 4.9823 2.3351 1.8319 -999 -999 -999 -999 -999 -999 -999 -999 -999 -999 -999 -999 -999 -999 -999 -999 -999 -999 -999
-999 96.928 38.748 1.2203 1.3618 1.4563 2.3167 5.0227 4.0263 7.1604 6.3351 5.3103 -999 -999 -999 -999 -999 -999 -999 -999 -999 -999 -999 -999 -999 -999 -999 -999 -999 -999 -999
-999 170.13 45.64 11.457 3.7511 2.0527 2.7975 3.9804 3.2841 3.7743 5.4203 4.6994 4.3731 2.7099 6.7964 -999 -999 -999 -999 -999 -999 -999 -999 -999 12.91 17.88 25.994 27.492 27.08 -999 -999
-999 136.18 47.667 13.885 3.6074 0.87215 2.5463 7.3509 12.632 6.0323 5.1392 4.9524 3.8548 4.5406 9.4987 11.282 10.151 10.301 14.218 -999 -999 23.738 34.708 27.522 23.883 17.599 18.14 20.015 17.719 -999 -999
-999 -999 38.959 23.434 3.322 1.3022 1.1555 2.0232 5.1725 5.7438 6.5517 5.1904 5.6442 2.2751 8.2676 14.307 13.997 12.473 18.065 36.946 13.961 33.448 47.597 18.624 19.741 19.689 13.445 16.957 10.267 26.351 -999
-999 -999 37.719 14.145 3.9069 0.85134 4.7464 12.861 12.118 9.5176 12.069 8.2881 6.539 3.9334 7.8885 14.523 14.554 17.762 12.672 21.685 10.772 25.77 17.999 12.895 18.411 27.719 25.647 14.728 23.264 22.702 22.121
-999 -999 78.259 43.756 6.1636 5.5249 7.1111 22.564 20.801 12.984 12.172 12.347 9.9688 6.8045 13.539 15.894 4.7708 11.501 16.21 17.37 39.426 27.909 11.765 9.0756 13.943 20.646 19.273 2.8804 21.484 27.725 24.386
-999 -999 107.72 54.086 7.5054 10.743 16.779 11.217 8.2505 8.8473 11.46 14.32 18.036 10.777 10.159 23.805 4.7011 8.7331 15.966 17.792 22.077 8.2569 5.5094 5.9243 12.402 15.726 16.543 19.47 19.783 22.486 24.567
-999 -999 147.66 30.885 9.4132 11.003 4.8641 2.2207 7.6377 6.0344 13.321 20.719 24.156 41.999 59.181 30.153 33.965 37.671 36.76 19.516 19.223 1.2842 4.5461 5.8569 6.7124 20.779 13.98 16.099 18.804 24.595 23.611
-999 -999 74.536 45.401 29.423 13.054 5.5666 6.087 7.337 5.4839 5.9587 29.046 52.119 53.965 66.799 44.221 15.326 34.771 33.583 19.188 20.544 11.799 17.041 13.852 7.3111 6.5992 8.9695 10.295 17.612 20.844 18.277
-999 -999 -999 47.381 22.515 3.8498 4.2693 7.0256 8.771 3.3704 8.2985 6.826 42.834 38.222 40.152 37.866 60.579 62.678 28.187 29.877 25.927 26.128 22.772 15.289 9.5424 -999 -999 -999 -999 -999 16.682
-999 -999 -999 54.719 49.656 16.218 3.937 0.28382 5.4729 3.0832 1.9128 3.2397 2.9778 3.7116 4.2702 12.193 12.082 12.141 20.493 14.094 30.912 25.317 21.886 -999 -999 -999 -999 -999 -999 -999 10.99
-999 -999 -999 -999 -999 30.493 10.27 13.625 6.8922 10.479 2.5617 2.0457 1.6095 1.2713 2.7432 0.83623 1.9822 3.7831 5.4359 5.1068 -999 -999 -999 -999 -999 -999 -999 -999 -999 -999 -999
-999 -999 -999 -999 -999 -999 -999 -999 7.513 2.0192 5.0189 2.2535 2.5987 3.1042 1.3746 1.0137 0.5567 2.9001 3.6833 2.1 -999 -999 -999 -999 -999 -999 -999 -999 -999 -999 -999
-999 -999 -999 -999 -999 -999 -999 15.758 10.094 4.4553 4.5644 3.2972 1.5766 3.1739 1.7512 1.9447 2.1939 3.1462 -999 -999 -999 -999 -999 -999 -999 -999 -999 -999 -999 -999 -999
-999 -999 -999 -999 -999 -999 31.294 25.05 16.076 11.857 4.9501 2.7175 1.1627 0.76888 0.16014 0.68461 1.9234 -999 -999 -999 -999 -999 -999 -999 -999 -999 -999 -999 -999 -999 -999
-999 -999 -999 -999 -999 -999 23.262 11.81 6.6228 7.1122 4.215 0 1.5934 0 0 0 0 -999 -999 -999 -999 -999 -999 -999 -999 -999 -999 -999 -999 -999 -999
-999 -999 -999 -999 -999 -999 28.846 20.739 15.683 6.3284 3.7009 4.6524 2.0645 0 0 0 0 -999 -999 -999 -999 -999 -999 -999 -999 -999 -999 -999 -999 -999 -999
-999 -999 -999 -999 -999 -999 -999 21.586 6.5611 4.2611 4.8979 1.8976 5.7225 0.98057 0 0 0 -999 -999 -999 -999 -999 -999 -999 -999 -999 -999 -999 -999 -999 -999
-999 -999 -999 -999 -999 -999 -999 -999 26.558 5.2808 3.0707 0.96774 2.6398 0.23676 0 0 0 -999 -999 -999 -999 -999 -999 -999 -999 -999 -999 -999 -999 -999 -999
-999 -999 -999 -999 -999 -999 -999 30.142 12.651 3.5635 12.002 0 0 0 0 0 0 -999 -999 -999 -999 -999 -999 -999 -999 -999 -999 -999 -999 -999 -999
-999 -999 -999 -999 -999 -999 -999 8.4716 17.126 5.7448 0 0 0 0 0 -999 -999 -999 -999 -999 -999 -999 -999 -999 -999 -999 -999 -999 -999 -999 -999
