PC_RASTER_CASE_STUDY/rain_grids/rn_11237.asc
ncols         31
nrows         25
xllcorner     73.125000
yllcorner     13.125000
cellsize      0.25
NODATA_value  -9999
-999 1.7339 0.11081 0.8907 26.258 24.32 5.6265 1.0824 -999 -999 -999 -999 -999 -999 -999 -999 -999 -999 -999 -999 -999 -999 -999 -999 -999 -999 -999 -999 -999 -999 -999
-999 0.75333 0.50488 17.782 43.991 35.675 0.99414 1.067 1.0642 -999 -999 -999 -999 -999 -999 -999 -999 -999 -999 -999 -999 -999 -999 -999 -999 -999 -999 -999 -999 -999 -999
-999 2.8279 7.9688 23.982 47.873 12.368 7.5242 2.517 1.9308 0 -999 -999 -999 -999 -999 -999 -999 -999 -999 -999 -999 -999 -999 -999 -999 -999 -999 -999 -999 -999 -999
1.5271 0.15775 23.967 8.472 11.761 1.0645 12.719 12.169 8.3225 0 0 0.10048 -999 -999 -999 -999 -999 -999 -999 -999 -999 -999 -999 -999 -999 -999 -999 -999 -999 -999 -999
-999 1.7271 10.683 3.2388 1.244 1.0963 25.334 31.11 16.058 2.8536 1.0155 30.833 -999 -999 -999 -999 -999 -999 -999 -999 -999 -999 -999 -999 -999 -999 -999 -999 -999 -999 -999
-999 22.845 5.1905 2.5373 2.2221 2.8567 29.063 34.683 23.988 23.968 54.851 84.568 46.841 21.41 43.463 -999 -999 -999 -999 -999 -999 -999 -999 -999 14.647 15.166 7.9117 0.14081 0 -999 -999
-999 11.316 0.30921 2.0708 13.588 13.969 23.975 37.769 40.837 33.63 23.244 86.401 21.755 12.59 11.191 30.702 31.471 62.441 37.785 -999 -999 18.413 7.1486 10.122 11.823 11.904 8.0208 1.5891 1.0314 -999 -999
-999 -999 0 0.20788 13.908 15.472 29.094 30.357 15.459 13.018 19.666 51.108 20.01 9.6086 8.3014 6.1233 5.2757 32.106 13.848 24.919 36.645 31.567 15.962 12.558 14.008 9.1882 4.9824 3.7702 3.6039 3.212 -999
-999 -999 0.8583 2.9695 11.485 13.631 25.073 22.653 13.09 20.463 26.524 13.738 3.9769 3.3237 7.8576 16.493 6.0721 16.245 2.3369 4.0271 32.063 32.015 18.141 15.797 11.708 3.7614 3.895 3.5097 5.3471 7.2991 5.9476
-999 -999 15.952 23.419 23.527 4.7865 9.8482 14.019 8.3495 37.91 22.886 23.842 12.893 9.9708 12.254 16.037 11.64 19.252 3.3885 5.7215 17.991 23.205 25.006 28.998 15.51 5.4433 6.2332 5.7096 5.788 12.869 7.197
-999 -999 9.013 19.353 5.9698 67.679 1.3549 10.464 15.653 27.582 27.022 27.572 39.48 23.678 39.636 0 3.0027 10.442 12.866 14.894 33.896 35.684 26.005 14.681 5.3492 4.1305 6.7385 7.9282 9.7388 28.18 25.931
-999 -999 12.744 2.9031 10.552 6.8039 0 21.839 26.765 17.739 19.076 6.7801 26.557 18.045 17.647 6.9108 8.3028 5.6436 15.195 39.618 54.539 30.406 36.704 23.489 3.4568 2.4897 17.724 24.063 45.538 36.518 35.092
-999 -999 12.547 16.45 13.886 10.781 19.918 21.682 32.559 18.292 32.394 6.6073 6.7375 5.4689 16.378 19.161 9.0723 2.9985 24.898 48.098 38.393 31.863 42.341 35.194 16.196 19.831 31.893 37.065 45.919 55.003 40.186
-999 -999 -999 14.77 5.3674 11.066 12.892 10.2 20.195 11.368 11.922 11.395 21.61 6.5647 11.306 35 7.5597 18.721 41.531 40.917 41.449 43.416 41.303 42.807 36.978 -999 -999 -999 -999 -999 54.297
-999 -999 -999 9.6173 4.6541 20.242 4.9438 25.906 6.0481 1.802 5.6733 26.075 10.285 15.903 1.4828 6.8269 19.79 35.078 39.535 44.213 65.983 65.985 38.422 -999 -999 -999 -999 -999 -999 -999 58.865
-999 -999 -999 -999 -999 3.1513 3.9494 23.2 0.24348 3.8753 14.287 15.417 22.503 22.628 12.928 9.1879 14.41 36.768 36.097 53.945 -999 -999 -999 -999 -999 -999 -999 -999 -999 -999 -999
-999 -999 -999 -999 -999 -999 -999 -999 5.0817 2.0438 6.7553 15.855 8.7785 31.006 3.6296 4.6297 11.859 23.695 32.152 56.251 -999 -999 -999 -999 -999 -999 -999 -999 -999 -999 -999
-999 -999 -999 -999 -999 -999 -999 0 0 2.3217 16.25 0.95311 2.0896 4.118 4.95 4.1206 26.229 28.332 -999 -999 -999 -999 -999 -999 -999 -999 -999 -999 -999 -999 -999
-999 -999 -999 -999 -999 -999 0 0 0.38273 0 1.5708 0.11883 0 4.1204 7.405 18.043 44.248 -999 -999 -999 -999 -999 -999 -999 -999 -999 -999 -999 -999 -999 -999
-999 -999 -999 -999 -999 -999 1.1054 0 0 5.4013 1.0838 1.42 0.41373 3.899 14.43 17.893 35.164 -999 -999 -999 -999 -999 -999 -999 -999 -999 -999 -999 -999 -999 -999
-999 -999 -999 -999 -999 -999 0.40852 5.791 0 0 0 0 1.5405 4.409 17.14 8.1193 24.911 -999 -999 -999 -999 -999 -999 -999 -999 -999 -999 -999 -999 -999 -999
-999 -999 -999 -999 -999 -999 -999 0 0 0 4.808 1.7876 0 7.8553 17.729 27.993 33.011 -999 -999 -999 -999 -999 -999 -999 -999 -999 -999 -999 -999 -999 -999
-999 -999 -999 -999 -999 -999 -999 -999 5.4583 0 0.40381 1.5759 4.1199 13.559 14.6 20.813 60.781 -999 -999 -999 -999 -999 -999 -999 -999 -999 -999 -999 -999 -999 -999
-999 -999 -999 -999 -999 -999 -999 2.6386 1.1853 5.4264 0.10328 0.13463 3.303 3.6475 5.2289 10.4 47.444 -999 -999 -999 -999 -999 -999 -999 -999 -999 -999 -999 -999 -999 -999
-999 -999 -999 -999 -999 -999 -999 23.202 4.7616 5.8585 0.53464 0.7534 0.69402 0 2.24 -999 -999 -999 -999 -999 -999 -999 -999 -999 -999 -999 -999 -999 -999 -999 -999
