PC_RASTER_CASE_STUDY/rain_grids/rn_1029.asc
ncols         31
nrows         25
xllcorner     73.125000
yllcorner     13.125000
cellsize      0.25
NODATA_value  -9999
-999 0 0 0 3.8604 0.3823 1.0759 0 -999 -999 -999 -999 -999 -999 -999 -999 -999 -999 -999 -999 -999 -999 -999 -999 -999 -999 -999 -999 -999 -999 -999
-999 12.751 5.5488 15.943 10.902 7.383 3.7348 11.806 22.618 -999 -999 -999 -999 -999 -999 -999 -999 -999 -999 -999 -999 -999 -999 -999 -999 -999 -999 -999 -999 -999 -999
-999 48.134 33.175 37.026 47.891 28.002 30.505 16.726 33.652 12.848 -999 -999 -999 -999 -999 -999 -999 -999 -999 -999 -999 -999 -999 -999 -999 -999 -999 -999 -999 -999 -999
57.124 27.591 6.9383 3.9764 26.788 23.047 24.525 30.687 31.552 15.833 4.5983 4.719 -999 -999 -999 -999 -999 -999 -999 -999 -999 -999 -999 -999 -999 -999 -999 -999 -999 -999 -999
-999 33.254 9.9838 7.3348 21.301 9.6499 24.395 43.302 25.218 35.04 30.986 24.531 -999 -999 -999 -999 -999 -999 -999 -999 -999 -999 -999 -999 -999 -999 -999 -999 -999 -999 -999
-999 45.483 6.9641 21.423 32.348 19.249 31.4 36.927 20.346 22.546 36.851 38.53 33.585 33.189 22.372 -999 -999 -999 -999 -999 -999 -999 -999 -999 13.179 11.728 11.435 9.2075 2.7725 -999 -999
-999 23.51 9.6805 4.8356 11.876 18.179 28.085 37.315 33.619 41.13 39.675 21.729 34.393 44.234 30.499 37.65 38.685 41.337 83.42 -999 -999 61.717 23.503 12.03 12.897 11.429 3.926 2.3823 7.5742 -999 -999
-999 -999 20.146 3.7503 5.6921 9.7844 19.616 34.903 12.695 20.223 34.928 6.3155 38.671 40.587 59.447 53.617 69.299 50.83 63.275 16.616 26.621 33.715 8.7178 11.448 15.478 13.028 2.4004 2.4208 9.3555 0.23429 -999
-999 -999 22.991 3.0817 4.7071 3.9072 8.8268 20.852 14.86 19.026 41.482 12.407 8.1258 38.26 42.149 37.724 71.42 41.625 44.788 8.0103 7.393 1.2141 5.611 13.131 17.689 19.27 23.9 4.2743 4.5407 2.433 6.0386
-999 -999 0 1.5398 6.2958 0 0.1253 4.3404 5.1527 20.083 36.825 25.466 13.128 46.528 31.216 45.332 59.634 41.901 46.183 11.936 6.7204 5.0182 10.123 18.481 34.741 36.004 21.443 1.1794 9.2182 2.0422 4.0569
-999 -999 0 0 0.55699 0 0.76184 0.33255 3.2333 14.493 29.011 28.773 8.846 19.331 33.458 41.196 23.986 11.612 4.3839 4.2713 11.015 24.282 23.96 26.384 46.667 44.345 21.451 13.402 5.9942 0.2518 15.821
-999 -999 0 2.2059 10.912 1.4574 0.68406 10.206 5.6251 16.001 42.992 20.468 2.4957 5.3011 8.4427 24.114 5.5509 5.5448 12.996 9.2585 7.8584 19.276 28.688 22.977 18.227 29.502 20.264 24.24 14.362 19.718 18.161
-999 -999 0 0.11985 7.8677 3.207 6.6581 1.9383 2.1952 10.691 23.721 18.33 13.871 2.6863 61.564 56.954 0 6.945 9.2877 12.294 4.2838 18.824 15.096 12.665 14.34 31.467 42.337 42.081 19.393 29.925 22.028
-999 -999 -999 1.17 2.6539 0.95579 4.9617 4.8379 5.9448 13.588 17.667 12.166 8.1272 10.806 48.122 5.4072 2.2052 0 9.8269 3.7072 3.3093 10.284 10.188 9.4212 10.625 -999 -999 -999 -999 -999 20.377
-999 -999 -999 2.1339 1.9781 3.583 2.1721 5.3994 2.4507 5.8453 8.9526 11.469 8.6533 34.091 46.326 15.446 7.517 29.804 13.287 2.4834 5.5854 10.877 5.1716 -999 -999 -999 -999 -999 -999 -999 19.014
-999 -999 -999 -999 -999 4.0316 0.79383 8.6434 0 1.3649 19.61 24.547 10.554 12.764 58.414 26.79 20.722 19.915 27.028 10.536 -999 -999 -999 -999 -999 -999 -999 -999 -999 -999 -999
-999 -999 -999 -999 -999 -999 -999 -999 3.2683 1.7395 6.2211 21.494 8.7383 11.441 23.753 21.117 27.202 61.093 38.129 17.993 -999 -999 -999 -999 -999 -999 -999 -999 -999 -999 -999
-999 -999 -999 -999 -999 -999 -999 21.117 4.0689 2.8975 0.70045 22.134 11.146 20.335 23.353 18.413 19.108 48.318 -999 -999 -999 -999 -999 -999 -999 -999 -999 -999 -999 -999 -999
-999 -999 -999 -999 -999 -999 15.064 0.29132 9.0111 4.7795 34.153 41.688 15.703 13.342 11.709 12.843 23.659 -999 -999 -999 -999 -999 -999 -999 -999 -999 -999 -999 -999 -999 -999
-999 -999 -999 -999 -999 -999 1.47 0.28424 0.15683 12.421 3.3627 63.749 43.492 10.888 17.22 10.486 13.706 -999 -999 -999 -999 -999 -999 -999 -999 -999 -999 -999 -999 -999 -999
-999 -999 -999 -999 -999 -999 3.6481 6.5905 6.3061 1.9131 7.2372 7.6507 11.666 52.152 9.011 20.273 3.2691 -999 -999 -999 -999 -999 -999 -999 -999 -999 -999 -999 -999 -999 -999
-999 -999 -999 -999 -999 -999 -999 0.54883 0 0.40866 35.478 24.32 5.7389 40.888 9.8832 7.2698 5.5528 -999 -999 -999 -999 -999 -999 -999 -999 -999 -999 -999 -999 -999 -999
-999 -999 -999 -999 -999 -999 -999 -999 0.41975 0 0 4.6039 4.5091 5.3883 1.3 8.1388 0.37163 -999 -999 -999 -999 -999 -999 -999 -999 -999 -999 -999 -999 -999 -999
-999 -999 -999 -999 -999 -999 -999 2.0038 0 0 13.827 15.375 14.51 1.828 11.182 5.1 4.4472 -999 -999 -999 -999 -999 -999 -999 -999 -999 -999 -999 -999 -999 -999
-999 -999 -999 -999 -999 -999 -999 1.4439 0 0 0 0.34545 7.5594 20.316 31.985 -999 -999 -999 -999 -999 -999 -999 -999 -999 -999 -999 -999 -999 -999 -999 -999
