PC_RASTER_CASE_STUDY/rain_grids/rn_1364.asc
ncols         31
nrows         25
xllcorner     73.125000
yllcorner     13.125000
cellsize      0.25
NODATA_value  -9999
-999 21.015 0.41938 4.7164 11.938 6.809 6.1871 7.5051 -999 -999 -999 -999 -999 -999 -999 -999 -999 -999 -999 -999 -999 -999 -999 -999 -999 -999 -999 -999 -999 -999 -999
-999 9.4982 6.8069 3.2275 4.5103 4.8418 4.4907 5.791 5.5439 -999 -999 -999 -999 -999 -999 -999 -999 -999 -999 -999 -999 -999 -999 -999 -999 -999 -999 -999 -999 -999 -999
-999 20.606 3.9189 4.5573 6.9313 11.905 7.4955 0.60707 4.7973 6.3426 -999 -999 -999 -999 -999 -999 -999 -999 -999 -999 -999 -999 -999 -999 -999 -999 -999 -999 -999 -999 -999
22.506 38.19 6.4759 5.4887 12.924 18.547 8.5041 26.863 26.046 10.608 24.216 23.046 -999 -999 -999 -999 -999 -999 -999 -999 -999 -999 -999 -999 -999 -999 -999 -999 -999 -999 -999
-999 17.215 10.912 1.3353 6.6768 12.737 28.177 72.437 35.639 20.894 11.739 6.3266 -999 -999 -999 -999 -999 -999 -999 -999 -999 -999 -999 -999 -999 -999 -999 -999 -999 -999 -999
-999 9.1683 14.902 11.548 12.66 14.081 43.819 55.647 35.903 25.051 10.702 3.5524 3.9099 5.1981 4.824 -999 -999 -999 -999 -999 -999 -999 -999 -999 2.1409 6.5696 1.5403 9.4821 3.7428 -999 -999
-999 64.569 16.73 6.3277 19.9 18.76 43.165 43.991 26.709 43.98 29.951 19.948 16.089 12.465 4.99 9.3157 3.6304 3.3892 5.9826 -999 -999 7.9622 3.0662 2.6085 2.6158 0.48254 0 0 6.9256 -999 -999
-999 -999 31.599 25.696 19.839 17.834 34.69 55.426 27.936 28.029 23.706 19.886 19.177 11.017 2.5189 4.3405 3.9671 4.7367 7.5353 10.362 20.906 11.018 1.6378 3.1569 5.0938 0.81017 0.46682 1.9218 2.3601 16.636 -999
-999 -999 31.116 25.578 12.53 2.1802 14.789 32.12 25.819 10.838 2.7633 0.68473 0.3894 4.4689 3.0325 4.7745 7.4807 8.5647 7.655 13.027 11.985 14.225 2.125 2.7112 4.5274 0 0.51684 8.3625 6.4698 10.13 11.869
-999 -999 28.161 24.403 14.763 9.396 14.515 5.826 4.046 1.8181 1.2454 0.16855 0 6.4849 8.7534 8.4619 15.318 18.941 11.224 9.0636 13.693 10.376 2.9255 6.3206 6.0424 3.3441 3.8971 0.81547 4.9908 7.8087 3.871
-999 -999 37.98 16.75 12.44 4.8013 22.751 10.217 6.5415 1.9052 5.5313 4.3129 5.4682 9.3792 4.0984 15.45 16.733 32.241 40.458 42.551 5.0669 5.0523 3.1426 1.8521 7.1122 5.4826 7.4221 4.4182 3.4507 4.4409 7.5417
-999 -999 48.369 9.353 1.7356 2.458 33.361 10.983 13.665 15.628 13.716 11.145 12.057 12.511 2.7804 1.4274 23.099 30.953 33.939 15.03 9.7825 10.062 2.7384 0.76798 7.5596 4.2054 12.974 4.761 5.8995 1.1742 14.717
-999 -999 29.78 18.156 3.6036 0.77424 5.7014 32.105 37.946 20.491 23.478 7.9065 1.4812 17.105 2.7503 5.826 8.5921 30.584 26.905 18.084 41.627 15.477 6.9699 4.7389 6.3092 2.7568 11.591 16.384 21.378 7.5345 16.587
-999 -999 -999 9.7843 4.3977 17.778 9.0056 0.17121 4.2734 5.6921 11.82 9.9261 5.7181 9.76 7.3048 8.6914 20.019 20.332 4.5145 16.313 34.128 5.8405 3.6071 5.9052 5.5542 -999 -999 -999 -999 -999 17.007
-999 -999 -999 10.627 4.9886 11.292 7.9567 0.25424 0.13867 3.529 8.7645 15.731 11.061 6.6737 6.089 8.8783 3.1847 0.41553 0 7.5893 4.6863 2.0596 0.80545 -999 -999 -999 -999 -999 -999 -999 13.654
-999 -999 -999 -999 -999 5.8379 16.457 18.621 3.2876 35.718 21.112 11.725 7.7453 8.2693 11.665 6.1306 2.2687 4.8193 8.8151 20.801 -999 -999 -999 -999 -999 -999 -999 -999 -999 -999 -999
-999 -999 -999 -999 -999 -999 -999 -999 14.413 11.755 26.386 6.5468 4.9428 13.032 3.9141 5.7944 2.8004 2.4631 6.1913 21.428 -999 -999 -999 -999 -999 -999 -999 -999 -999 -999 -999
-999 -999 -999 -999 -999 -999 -999 4.9354 13.459 26.904 70.656 31.835 5.503 16.014 5.7743 4.7558 3.9967 7.0813 -999 -999 -999 -999 -999 -999 -999 -999 -999 -999 -999 -999 -999
-999 -999 -999 -999 -999 -999 1.0402 0 1.1781 4.0678 7.1458 2.6611 3.8452 2.973 0.6192 1.076 5.9836 -999 -999 -999 -999 -999 -999 -999 -999 -999 -999 -999 -999 -999 -999
-999 -999 -999 -999 -999 -999 2.0238 2.1478 0.12254 3.4936 2.9443 0 6.0111 19.775 2.683 0 0.39423 -999 -999 -999 -999 -999 -999 -999 -999 -999 -999 -999 -999 -999 -999
-999 -999 -999 -999 -999 -999 7.6925 3.6069 0.76581 0 0.7221 26.03 36.185 11.876 2.8991 0 0 -999 -999 -999 -999 -999 -999 -999 -999 -999 -999 -999 -999 -999 -999
-999 -999 -999 -999 -999 -999 -999 17.134 14.618 2.2005 0.66321 36.909 20.106 66.843 16.925 0 0 -999 -999 -999 -999 -999 -999 -999 -999 -999 -999 -999 -999 -999 -999
-999 -999 -999 -999 -999 -999 -999 -999 2.1626 0.81264 25.476 13.284 27.034 24.334 0 4.5771 16.736 -999 -999 -999 -999 -999 -999 -999 -999 -999 -999 -999 -999 -999 -999
-999 -999 -999 -999 -999 -999 -999 42.135 43.006 15.047 15.907 2.4526 15.509 21.762 11.898 0 7.3613 -999 -999 -999 -999 -999 -999 -999 -999 -999 -999 -999 -999 -999 -999
-999 -999 -999 -999 -999 -999 -999 42.96 26.127 37.947 1.4359 1.5173 10.429 63.963 2.4122 -999 -999 -999 -999 -999 -999 -999 -999 -999 -999 -999 -999 -999 -999 -999 -999
