PC_RASTER_CASE_STUDY/rain_grids/rn_13324.asc
ncols         31
nrows         25
xllcorner     73.125000
yllcorner     13.125000
cellsize      0.25
NODATA_value  -9999
-999 81.903 58.939 46.661 20.233 9.1616 19.905 26.66 -999 -999 -999 -999 -999 -999 -999 -999 -999 -999 -999 -999 -999 -999 -999 -999 -999 -999 -999 -999 -999 -999 -999
-999 97.041 64.559 28.74 17.988 21.214 24.977 31.297 22.48 -999 -999 -999 -999 -999 -999 -999 -999 -999 -999 -999 -999 -999 -999 -999 -999 -999 -999 -999 -999 -999 -999
-999 139.79 145.35 21.18 25.857 37.818 34.656 22.061 17.662 20.127 -999 -999 -999 -999 -999 -999 -999 -999 -999 -999 -999 -999 -999 -999 -999 -999 -999 -999 -999 -999 -999
223.98 213.24 114.15 18.311 26.614 37.548 38.068 20.48 11.706 15.89 26.817 29.344 -999 -999 -999 -999 -999 -999 -999 -999 -999 -999 -999 -999 -999 -999 -999 -999 -999 -999 -999
-999 230.56 55.724 10.138 12.327 27.251 39.329 14.867 2.5787 2.1951 8.8326 11.14 -999 -999 -999 -999 -999 -999 -999 -999 -999 -999 -999 -999 -999 -999 -999 -999 -999 -999 -999
-999 232.74 36.68 9.1964 0.7812 16.201 40.397 28.784 4.7578 2.805 6.9911 9.3407 18.728 25.426 3.0764 -999 -999 -999 -999 -999 -999 -999 -999 -999 0 0 1.4274 3.6219 3.4104 -999 -999
-999 172.93 48.02 28.532 14.693 43.766 53.991 23.453 9.8487 8.0883 5.4331 6.9253 15.775 13.766 14.896 9.7125 10.364 10.516 12.636 -999 -999 8.8794 5.6333 1.2893 0.2426 0.11764 0.19579 0.31393 0.46137 -999 -999
-999 -999 50.551 26.641 17.497 31.146 13.081 14.238 11.389 7.3697 3.1531 2.9797 16.735 21.351 17.413 14.354 8.2841 13.486 12.833 11.245 10.479 9.3875 6.6044 3.7788 0.98504 0.80036 0.56666 1.3247 0.59298 0 -999
-999 -999 59.574 47.69 46.392 27.829 14.175 12.34 14.961 12.663 2.6277 10.346 15.164 22.237 24.259 14.012 10.834 12.686 12.025 10.977 10.581 8.9595 5.7541 3.3382 2.237 1.9333 1.9924 0.16006 1.7253 1.7787 1.4504
-999 -999 120.52 67.371 59.404 38.725 43.586 14.256 14.561 26.114 20.744 23.206 18.279 10.839 14.61 9.3772 11.361 10.187 10.061 10.107 9.4628 7.5872 4.0126 2.9821 2.7315 2.4696 5.8103 9.4041 8.9616 8.4774 6.7637
-999 -999 187.27 159.09 119.83 78.698 77.762 49.599 18.764 20.681 22.951 19.506 18.354 21.805 39.844 19.887 9.4847 8.374 9.5298 9.7255 9.0282 6.8675 2.6152 2.1771 1.1343 1.5838 8.6928 15.421 14.019 8.9327 8.0215
-999 -999 376.2 207.92 95.612 59.973 34.987 13.388 10.177 2.3331 13.249 10.902 9.2636 14.996 12.25 8.1616 6.2612 6.5395 8.8255 8.7251 8.3476 5.2344 1.6443 1.1122 0.25649 0.78366 4.8149 12.025 11.657 8.3411 7.2386
-999 -999 220.63 126.18 55.367 39.469 21.52 21.036 8.7097 13.029 11.051 6.016 7.6673 14.614 12.351 7.2436 3.2343 7.5623 5.2062 5.4345 5.2174 3.81 1.2143 0.88917 0.67172 1.0433 4.7236 6.624 4.9192 4.474 1.6719
-999 -999 -999 123.8 103.45 37.091 63.231 38 42.966 24.514 16.224 17.012 20.085 19.933 15.993 10 4.7232 5.4472 3.3816 2.6101 2.1991 1.9093 0.89552 0.32997 0.36682 -999 -999 -999 -999 -999 0.99343
-999 -999 -999 248.02 70.469 62.629 60.092 45.797 15.991 28.744 13.671 1.7279 12.446 9.3407 16.659 6.9272 4.7866 2.9309 2.796 2.5392 1.1363 1.1582 0.96776 -999 -999 -999 -999 -999 -999 -999 1.0178
-999 -999 -999 -999 -999 94.48 41.553 17 22.379 21.405 4.0124 8.834 6.4885 4.4363 7.2056 8.1775 5.671 3.5705 2.1642 1.302 -999 -999 -999 -999 -999 -999 -999 -999 -999 -999 -999
-999 -999 -999 -999 -999 -999 -999 -999 39.373 23.959 8.428 11.458 8.2924 3.5396 2.0827 7.7512 7.2429 5.359 1.5133 1.3128 -999 -999 -999 -999 -999 -999 -999 -999 -999 -999 -999
-999 -999 -999 -999 -999 -999 -999 53.844 32.774 147.38 26.963 6.2276 3.0751 7.0154 7.0532 6.6235 4.2695 2.89 -999 -999 -999 -999 -999 -999 -999 -999 -999 -999 -999 -999 -999
-999 -999 -999 -999 -999 -999 136.63 23.679 49.682 20.864 16.146 10.161 0.1176 1.73 4.2666 4.3463 1.2252 -999 -999 -999 -999 -999 -999 -999 -999 -999 -999 -999 -999 -999 -999
-999 -999 -999 -999 -999 -999 145.37 52.337 38.259 23.859 20.809 13.741 0.59995 0.97868 2.9791 1.1703 0.77552 -999 -999 -999 -999 -999 -999 -999 -999 -999 -999 -999 -999 -999 -999
-999 -999 -999 -999 -999 -999 143.95 96.879 48.11 27.983 71.858 20.503 5.628 0.22565 3.4577 0 0.25802 -999 -999 -999 -999 -999 -999 -999 -999 -999 -999 -999 -999 -999 -999
-999 -999 -999 -999 -999 -999 -999 37.393 70.738 22.55 47.915 2.9372 21.641 3.8835 0 0.59563 0.76053 -999 -999 -999 -999 -999 -999 -999 -999 -999 -999 -999 -999 -999 -999
-999 -999 -999 -999 -999 -999 -999 -999 88.33 14.964 16.653 10.741 2.5883 1.1767 0 0 0 -999 -999 -999 -999 -999 -999 -999 -999 -999 -999 -999 -999 -999 -999
-999 -999 -999 -999 -999 -999 -999 62.179 83.299 40.477 27.474 1.4669 0.96095 0 3.5333 0 0 -999 -999 -999 -999 -999 -999 -999 -999 -999 -999 -999 -999 -999 -999
-999 -999 -999 -999 -999 -999 -999 74.03 175.76 78.851 7.0981 3.9362 0 1.4516 2.579 -999 -999 -999 -999 -999 -999 -999 -999 -999 -999 -999 -999 -999 -999 -999 -999
