PC_RASTER_CASE_STUDY/rain_grids/rn_10071.asc
ncols         31
nrows         25
xllcorner     73.125000
yllcorner     13.125000
cellsize      0.25
NODATA_value  -9999
-999 21.921 9.5927 15.101 23.834 35.049 64.172 19.019 -999 -999 -999 -999 -999 -999 -999 -999 -999 -999 -999 -999 -999 -999 -999 -999 -999 -999 -999 -999 -999 -999 -999
-999 26.39 12.315 12.476 21.278 40.69 73.719 33.819 20.176 -999 -999 -999 -999 -999 -999 -999 -999 -999 -999 -999 -999 -999 -999 -999 -999 -999 -999 -999 -999 -999 -999
-999 59.557 52.378 32.195 18.03 29.4 44.803 36.231 26.498 36.061 -999 -999 -999 -999 -999 -999 -999 -999 -999 -999 -999 -999 -999 -999 -999 -999 -999 -999 -999 -999 -999
38.619 64.691 67.81 49.007 28.325 24.163 36.845 58.845 53.154 65.903 52.872 37.949 -999 -999 -999 -999 -999 -999 -999 -999 -999 -999 -999 -999 -999 -999 -999 -999 -999 -999 -999
-999 58.573 57.127 43.959 42.831 61.751 56.376 63.082 61.613 40.777 39.733 32.538 -999 -999 -999 -999 -999 -999 -999 -999 -999 -999 -999 -999 -999 -999 -999 -999 -999 -999 -999
-999 61.563 32.003 30.828 34.853 55.134 62.009 59.705 39.461 36.41 34.973 34.97 61.69 44.243 24.73 -999 -999 -999 -999 -999 -999 -999 -999 -999 16.601 16.834 22.471 41.147 22.878 -999 -999
-999 44.472 22.183 18.207 23.061 20.856 51.879 64.167 72.576 47.232 41.228 36.774 22.315 17.277 9.6248 44.047 2.5717 30.447 64.189 -999 -999 49.787 31.104 34.911 22.724 34.729 16.02 21.374 17.287 -999 -999
-999 -999 15.23 15.315 23.7 21.876 17.662 34.274 52.34 35.704 35.404 36.256 25.973 19.988 16.2 26.718 9.2199 8.1153 33.442 44.432 46.96 55.873 83.625 47.154 47.672 35.456 34.994 25.312 29.924 28.746 -999
-999 -999 14.274 15.859 19.169 31.695 20.903 26.215 34.227 12.993 23.358 27.462 27.249 46.804 4.5276 19.719 20.859 28.869 50.98 42.939 44.796 53.053 58.325 41.18 51.312 58.007 34.331 19.394 38.171 54.374 42.015
-999 -999 11.11 8.8228 13.144 38.349 16.029 12.369 18.863 9.8517 16.279 14.346 35.343 15.797 23.829 24.04 55.604 35.015 54.769 37.61 39.293 42.58 37.677 27.451 31.546 53.276 53.589 22.484 22.16 32.261 42.129
-999 -999 23.957 4.4614 3.1904 24.083 2.7402 4.6206 7.1032 25.672 6.8387 12.145 32.753 25.447 18.59 28.904 49.37 31.157 21.337 18.733 16.76 9.946 21.66 28.651 30.013 40.003 47.08 25.696 20.021 10.052 11.713
-999 -999 72.428 17.965 5.6781 5.7984 0 10.052 20.686 1.985 9.4876 9.6859 11.965 12.527 1.7985 8.2488 5.6914 6.2986 16.7 10.389 9.6386 6.0423 8.6894 17.653 22.039 38.415 35.733 23.709 21.638 10.257 9.8447
-999 -999 41.241 24.575 23.766 3.9135 1.4935 3.642 7.3262 4.5806 5.538 2.1934 6.6086 0 13.609 0.13655 1.3367 7.5207 6.0914 7.3731 6.9095 6.3257 9.0789 8.7298 9.5721 19.476 28.295 26.633 17.012 21.873 8.0703
-999 -999 -999 5.7566 17.488 8.2004 8.8582 3 7.1835 6.1307 10.684 3.9358 0.3374 0.5037 6.3758 0 9.8527 5.6841 1.4878 1.1536 2.6603 11.839 10.076 9.7646 7.1019 -999 -999 -999 -999 -999 28.014
-999 -999 -999 56.83 32.563 13.608 9.8441 7.5055 3.9064 1.0584 14.31 13.528 11.339 0.92211 4.6928 4.9765 6.5591 1.7763 1.814 3.0248 34.909 35.236 13.984 -999 -999 -999 -999 -999 -999 -999 21.85
-999 -999 -999 -999 -999 24.329 8.9535 0 2.34 0.82532 17.983 10.276 5.7856 10.235 46.24 10.853 6.8928 4.7575 7.2499 28.759 -999 -999 -999 -999 -999 -999 -999 -999 -999 -999 -999
-999 -999 -999 -999 -999 -999 -999 -999 2.9352 4.5824 2.6413 1.3023 6.868 10.413 3.6645 10.42 20.489 26.006 14.176 31.508 -999 -999 -999 -999 -999 -999 -999 -999 -999 -999 -999
-999 -999 -999 -999 -999 -999 -999 4.9252 1.7875 5.6072 2.9639 1.8333 12.648 9.9055 11.129 7.648 19.024 28.247 -999 -999 -999 -999 -999 -999 -999 -999 -999 -999 -999 -999 -999
-999 -999 -999 -999 -999 -999 10.404 4.0187 0.63906 0.50731 0.59877 0 3.4928 0.41271 4.695 5.4148 5.0431 -999 -999 -999 -999 -999 -999 -999 -999 -999 -999 -999 -999 -999 -999
-999 -999 -999 -999 -999 -999 11.424 0.97007 2.1322 11.218 2.6727 0 0 0 1.5266 2.6907 3.4277 -999 -999 -999 -999 -999 -999 -999 -999 -999 -999 -999 -999 -999 -999
-999 -999 -999 -999 -999 -999 24.259 13.366 5.1108 1.3079 7.5799 0.53261 0.96678 0 0 0 0 -999 -999 -999 -999 -999 -999 -999 -999 -999 -999 -999 -999 -999 -999
-999 -999 -999 -999 -999 -999 -999 6.3925 7.7496 0.77073 2.2099 0.64372 0.15972 1.8924 0.18157 0 0 -999 -999 -999 -999 -999 -999 -999 -999 -999 -999 -999 -999 -999 -999
-999 -999 -999 -999 -999 -999 -999 -999 3.6053 6.9811 0.66376 3.8339 0.13542 0 1 0 0 -999 -999 -999 -999 -999 -999 -999 -999 -999 -999 -999 -999 -999 -999
-999 -999 -999 -999 -999 -999 -999 19.421 9.2727 6.606 0 0 0.5643 0 0.62122 2.3 0.96278 -999 -999 -999 -999 -999 -999 -999 -999 -999 -999 -999 -999 -999 -999
-999 -999 -999 -999 -999 -999 -999 12.928 110.48 9.1413 0 0 0 0.48346 0.80226 -999 -999 -999 -999 -999 -999 -999 -999 -999 -999 -999 -999 -999 -999 -999 -999
