PC_RASTER_CASE_STUDY/rain_grids/rn_14846.asc
ncols         31
nrows         25
xllcorner     73.125000
yllcorner     13.125000
cellsize      0.25
NODATA_value  -9999
-999 13.086 1.7634 5.5391 15.983 14.194 5.2893 54.055 -999 -999 -999 -999 -999 -999 -999 -999 -999 -999 -999 -999 -999 -999 -999 -999 -999 -999 -999 -999 -999 -999 -999
-999 9.6198 9.8831 14.564 19.72 13.522 7.7815 37.723 29.039 -999 -999 -999 -999 -999 -999 -999 -999 -999 -999 -999 -999 -999 -999 -999 -999 -999 -999 -999 -999 -999 -999
-999 8.0891 8.331 10.854 12.614 3.1577 1.2262 5.9282 2.4624 12.955 -999 -999 -999 -999 -999 -999 -999 -999 -999 -999 -999 -999 -999 -999 -999 -999 -999 -999 -999 -999 -999
17.548 10.481 7.2561 6.7769 6.5373 1.6603 0.89604 4.9062 6.5368 14.35 23.21 25.692 -999 -999 -999 -999 -999 -999 -999 -999 -999 -999 -999 -999 -999 -999 -999 -999 -999 -999 -999
-999 7.2711 2.6294 1.059 0.22533 0.42482 2.0672 6.0498 15.681 5.3159 14.506 20.843 -999 -999 -999 -999 -999 -999 -999 -999 -999 -999 -999 -999 -999 -999 -999 -999 -999 -999 -999
-999 8.9188 3.0322 0.76638 0.11191 0.86993 1.9285 1.7302 8.3727 12.53 24.055 26.262 17.555 12.486 5.4929 -999 -999 -999 -999 -999 -999 -999 -999 -999 29.017 20.414 7.9665 3.1134 0.71769 -999 -999
-999 8.2574 1.3529 2.251 1.656 2.3112 2.1499 1.0144 2.2419 27.217 14.972 9.2647 10.778 8.8226 8.5713 11.252 20.452 26.257 10.654 -999 -999 1.8474 26.615 31.862 35.148 21.535 12.798 14.967 17.101 -999 -999
-999 -999 0.85122 0.92789 0.89718 1.8374 3.582 0.80294 0.26638 7.0158 9.8949 1.6907 4.8728 9.3625 11.238 10.568 25.447 23.339 13.363 16.651 2.0666 5.8474 19.85 18.264 28.683 22.346 11.997 19.32 26.025 10.533 -999
-999 -999 0 1.0196 8.8954 0.90033 2.6581 0.85327 0 0 3.6657 3.8248 6.2534 10.888 12.748 19.094 23.43 16.187 7.0129 9.2962 2.8617 3.5058 10.803 11.004 20.777 25.003 17.285 17.914 38.091 26.523 42.836
-999 -999 0.67497 4.184 16.392 0 0 0.19808 0.43306 0.28611 0.6936 2.6216 6.5009 8.5059 15.036 22.528 26.688 46.679 12.167 11.505 18.158 12.962 11.524 10.176 13.736 19.653 12.732 17.476 36.494 54.591 42.652
-999 -999 3.1858 0.10292 0 0 0 1.7586 1.71 0 0.21136 0.76615 3.7646 10.949 16.974 18.716 16.089 28.279 25.14 24.162 32.134 25.902 16.197 10.651 2.1856 4.7985 10.199 15.888 25.243 9.8814 5.3227
-999 -999 11.694 0.71527 0 0 0.32282 1.53 1.4239 0.53006 0.37926 0.36337 5.1845 13.129 9.757 9.558 4.0484 4.3749 26.366 26.279 5.4285 9.7931 13.273 5.2949 0 0.40069 12.778 19.437 17.434 12.261 2.7896
-999 -999 20.671 0.24915 0 1.1923 1.591 2.1239 1.1942 1.2985 3.5755 12.843 21.194 8.5501 8.3261 12.94 20.951 7.6655 15.839 33.498 1.5727 2.2949 3.7582 3.0955 1.1525 0.44559 6.2358 13.038 15.186 13.904 22.762
-999 -999 -999 0.51335 0.55115 2.9376 4.2998 6.1871 5.3031 4.5211 32.787 35.279 50.697 5.8835 6.7545 6.0335 4.7354 8.5816 8.7485 9.097 5.8943 3.7317 5.1389 4.4223 10.014 -999 -999 -999 -999 -999 16.086
-999 -999 -999 4.8617 4.635 3.6922 6.7729 7.8157 8.1589 19.392 35.976 43.598 42.76 22.097 0 0 0 12.466 13.754 13.714 20.879 19.678 5.2982 -999 -999 -999 -999 -999 -999 -999 16.34
-999 -999 -999 -999 -999 8.064 10.926 11.838 9.2608 4.1663 30.142 61.016 50.546 28.742 1.0069 2.1647 2.7176 5.872 7.6847 6.7965 -999 -999 -999 -999 -999 -999 -999 -999 -999 -999 -999
-999 -999 -999 -999 -999 -999 -999 -999 9.3647 9.3375 41.065 65.626 50.32 14.149 0.86258 7.214 11.315 3.8971 3.9694 0.44456 -999 -999 -999 -999 -999 -999 -999 -999 -999 -999 -999
-999 -999 -999 -999 -999 -999 -999 8.4053 9.4695 16.855 26.809 39.563 40.514 0.28353 0.71699 7.0556 10.268 9.3463 -999 -999 -999 -999 -999 -999 -999 -999 -999 -999 -999 -999 -999
-999 -999 -999 -999 -999 -999 13.228 8.6584 5.7259 7.3911 7.7344 13.215 0.37981 0.36846 1.1919 8.4031 0.89681 -999 -999 -999 -999 -999 -999 -999 -999 -999 -999 -999 -999 -999 -999
-999 -999 -999 -999 -999 -999 10.235 6.4512 1.7506 1.9146 1.2392 1.6863 0.3142 3.7021 13.018 34.822 1.5403 -999 -999 -999 -999 -999 -999 -999 -999 -999 -999 -999 -999 -999 -999
-999 -999 -999 -999 -999 -999 9.0987 8.7338 3.3784 1.3731 1.0555 0.58016 0 1.817 2.7517 11.671 0.8446 -999 -999 -999 -999 -999 -999 -999 -999 -999 -999 -999 -999 -999 -999
-999 -999 -999 -999 -999 -999 -999 10.429 7.0751 3.2179 0.72594 0.65474 0.35399 0.25829 0.92374 0 0 -999 -999 -999 -999 -999 -999 -999 -999 -999 -999 -999 -999 -999 -999
-999 -999 -999 -999 -999 -999 -999 -999 8.733 5.0948 0.23079 0.86541 1.1418 1.4188 0.72663 0 0 -999 -999 -999 -999 -999 -999 -999 -999 -999 -999 -999 -999 -999 -999
-999 -999 -999 -999 -999 -999 -999 13.357 9.283 2.8597 0.69493 0.61155 1.8793 2.3063 1.8248 0.52141 1.3873 -999 -999 -999 -999 -999 -999 -999 -999 -999 -999 -999 -999 -999 -999
-999 -999 -999 -999 -999 -999 -999 11.894 5.5663 0.32477 0.12633 0.50322 1.6484 2.2032 2.9949 -999 -999 -999 -999 -999 -999 -999 -999 -999 -999 -999 -999 -999 -999 -999 -999
