PC_RASTER_CASE_STUDY/rain_grids/rn_1027.asc
ncols         31
nrows         25
xllcorner     73.125000
yllcorner     13.125000
cellsize      0.25
NODATA_value  -9999
-999 52.245 0 0 1.2081 0 2.9483 7.2626 -999 -999 -999 -999 -999 -999 -999 -999 -999 -999 -999 -999 -999 -999 -999 -999 -999 -999 -999 -999 -999 -999 -999
-999 1.6546 0.77877 3.2734 3.3144 2.453 1.3682 11.779 9.4535 -999 -999 -999 -999 -999 -999 -999 -999 -999 -999 -999 -999 -999 -999 -999 -999 -999 -999 -999 -999 -999 -999
-999 5.5862 5.0052 10.016 16.169 12.762 7.8238 18.203 7.9108 11.627 -999 -999 -999 -999 -999 -999 -999 -999 -999 -999 -999 -999 -999 -999 -999 -999 -999 -999 -999 -999 -999
54.45 0.15656 3.9757 4.9902 12.248 13.247 6.7615 4.5931 8.5646 8.67 5.2406 4.6222 -999 -999 -999 -999 -999 -999 -999 -999 -999 -999 -999 -999 -999 -999 -999 -999 -999 -999 -999
-999 11.65 2.9931 3.6821 17.28 13.834 15.83 5.7659 13.409 2.6261 8.8541 12.046 -999 -999 -999 -999 -999 -999 -999 -999 -999 -999 -999 -999 -999 -999 -999 -999 -999 -999 -999
-999 3.6451 31.559 9.6189 17.233 18.336 26.569 14.097 4.2065 3.8726 22.022 31.991 17.535 15.696 15.081 -999 -999 -999 -999 -999 -999 -999 -999 -999 0 0 0.10716 2.9121 1.7102 -999 -999
-999 2.5863 10.356 53.884 20.927 26.136 32.038 24.191 8.8812 5.8062 7.6061 10.328 11.951 16.224 21.325 17.93 8.363 5.1738 8.154 -999 -999 56.51 27.927 10.88 2.1759 0 0 0 0 -999 -999
-999 -999 37.052 44.565 18.847 23.731 26.653 29.161 8.3796 5.0784 9.7206 7.4028 8.6409 15.987 36.154 31.031 6.5861 5.7029 12.94 24.459 28.964 27.983 29.653 13.47 13.934 8.0951 1.5937 0.28839 0 0.18572 -999
-999 -999 28.223 19.806 28.196 39.969 24.378 17.236 11.55 16.496 28.805 34.555 38.176 14.326 3.539 3.6646 7.1565 3.0562 7.0767 11.88 20.222 1.4557 9.3513 17.679 11.93 5.8824 16.753 1.4374 0.22715 0.1487 0.27236
-999 -999 1.8588 5.8392 8.155 2.9301 15.173 7.4655 10.402 25.038 32.635 54.083 48.925 16.464 7.008 2.5614 4.9763 0.90666 0.48884 0.90889 3.4764 3.5004 10.595 5.9779 4.2187 4.8758 8.6211 0.25476 8.0003 1.7779 1.0686
-999 -999 0.2654 2.8456 12.991 2.3749 17.184 36.839 17.486 28.868 25.291 49.012 74.327 39.012 28.42 0.88324 10.522 5.1655 1.0296 1.4161 0 6.5516 10.835 11.908 5.3833 4.9072 9.509 1.0734 5.155 0 10.59
-999 -999 0.77536 8.3283 13.267 6.0463 17.457 11.883 0.86098 18.933 15.542 52.439 66.109 52.509 39.452 22.478 14.949 8.3801 2.0658 0.46194 0 0 10.978 15.337 17.511 3.3673 12.399 9.9774 7.5048 4.9852 18.594
-999 -999 12.306 8.0444 6.8197 12.144 27.415 5.8995 3.5027 9.847 19.749 20.824 42.027 26.466 21.825 4.7326 0.80566 0.93658 0 1.8415 4.1675 0.34307 2.8481 29.947 37.942 5.1074 8.5267 7.1976 3.2554 12.509 19.927
-999 -999 -999 2.9051 5.9221 4.7588 17.186 22.609 17.308 18.711 9.6128 8.6503 28.089 40.275 17.337 13.39 6.1604 4.4572 6.4413 9.9524 6.0237 0.77795 3.3661 36.108 52.199 -999 -999 -999 -999 -999 29.001
-999 -999 -999 9.3998 13.341 57.987 11.228 16.246 20.329 27.045 43.789 17.062 11.944 56.147 35.838 25.244 11.162 5.881 8.5625 19.115 6.2177 0.53479 1.6555 -999 -999 -999 -999 -999 -999 -999 20.943
-999 -999 -999 -999 -999 5.193 8.2848 5.1933 19.102 20.449 40.272 23.678 11.984 17.663 47.963 18.517 29.12 14.681 18.253 17.61 -999 -999 -999 -999 -999 -999 -999 -999 -999 -999 -999
-999 -999 -999 -999 -999 -999 -999 -999 8.7926 19.821 30.324 13.967 13.93 33.014 40.288 31.064 28.709 29.173 21.652 12.61 -999 -999 -999 -999 -999 -999 -999 -999 -999 -999 -999
-999 -999 -999 -999 -999 -999 -999 19.96 17.947 12.541 13.971 20.206 8.3597 17.07 32.677 38.952 29.81 27.164 -999 -999 -999 -999 -999 -999 -999 -999 -999 -999 -999 -999 -999
-999 -999 -999 -999 -999 -999 6.4356 17.832 2.8979 8.0047 46.72 40.005 12.736 45.041 38.499 50.619 24.24 -999 -999 -999 -999 -999 -999 -999 -999 -999 -999 -999 -999 -999 -999
-999 -999 -999 -999 -999 -999 8.3195 1.3404 0 4.062 0 10.803 32.897 5.6075 40.217 29.463 38.855 -999 -999 -999 -999 -999 -999 -999 -999 -999 -999 -999 -999 -999 -999
-999 -999 -999 -999 -999 -999 5.3589 1.9155 0.20092 0 1.6505 12.962 9.6384 15.789 76.695 1.5018 41.35 -999 -999 -999 -999 -999 -999 -999 -999 -999 -999 -999 -999 -999 -999
-999 -999 -999 -999 -999 -999 -999 4.3225 14.771 4.4608 0.46176 0.78355 10.333 3.2453 19.133 35.221 42.797 -999 -999 -999 -999 -999 -999 -999 -999 -999 -999 -999 -999 -999 -999
-999 -999 -999 -999 -999 -999 -999 -999 10.467 5.9779 4.9834 1.9643 21.121 15.848 6.9 33.69 43.775 -999 -999 -999 -999 -999 -999 -999 -999 -999 -999 -999 -999 -999 -999
-999 -999 -999 -999 -999 -999 -999 5.1333 7.0531 3.5619 16.412 0 1.292 4.9756 14.078 33 25.888 -999 -999 -999 -999 -999 -999 -999 -999 -999 -999 -999 -999 -999 -999
-999 -999 -999 -999 -999 -999 -999 0.93808 2.1705 3.0755 0.20509 6.3006 4.3576 1.355 8.6795 -999 -999 -999 -999 -999 -999 -999 -999 -999 -999 -999 -999 -999 -999 -999 -999
