PC_RASTER_CASE_STUDY/rain_grids/rn_14817.asc
ncols         31
nrows         25
xllcorner     73.125000
yllcorner     13.125000
cellsize      0.25
NODATA_value  -9999
-999 7.2714 7.1529 8.5255 12.794 15.636 21.257 3.4755 -999 -999 -999 -999 -999 -999 -999 -999 -999 -999 -999 -999 -999 -999 -999 -999 -999 -999 -999 -999 -999 -999 -999
-999 23.415 13.251 11.356 12.861 12.388 17.769 6.1701 0.77918 -999 -999 -999 -999 -999 -999 -999 -999 -999 -999 -999 -999 -999 -999 -999 -999 -999 -999 -999 -999 -999 -999
-999 34.705 34.442 7.1523 9.4338 2.9001 5.1428 2.3203 0.51167 4.8525 -999 -999 -999 -999 -999 -999 -999 -999 -999 -999 -999 -999 -999 -999 -999 -999 -999 -999 -999 -999 -999
47.413 40.552 17.097 3.9473 7.8558 2.7136 1.2699 3.562 4.3252 8.1776 5.5622 3.3846 -999 -999 -999 -999 -999 -999 -999 -999 -999 -999 -999 -999 -999 -999 -999 -999 -999 -999 -999
-999 24.932 4.5056 4.5448 14.053 11.74 3.3666 4.627 10.554 1.584 1.418 0.6579 -999 -999 -999 -999 -999 -999 -999 -999 -999 -999 -999 -999 -999 -999 -999 -999 -999 -999 -999
-999 17.979 1.6689 0.94094 27.77 17.723 3.3062 3.569 7.6551 8.0296 2.4407 0.72145 3.4703 4.74 2.563 -999 -999 -999 -999 -999 -999 -999 -999 -999 3.2686 1.1771 0.33056 0 0 -999 -999
-999 24.23 2.7295 0 2.5756 2.46 0 5.0181 9.4362 13.936 7.5551 2.2175 1.7575 2.9684 3.1223 3.8128 6.2384 8.659 13.739 -999 -999 13.526 24.421 15.291 5.1204 1.6655 0.10134 0 0.45424 -999 -999
-999 -999 1.8195 0.15882 0 0 0.16052 2.1595 1.6357 4.6653 5.5898 0.26217 1.3405 3.4572 4.2562 11.728 14.543 11.965 9.013 19.359 37.238 27.653 9.5741 10.782 25.81 25.406 2.054 1.6139 2.7117 4.0816 -999
-999 -999 1.5576 0.16423 0 0 0.10817 1.1872 1.6056 0.39137 2.0026 1.8939 2.4895 4.1354 5.2618 10.438 22.856 25.557 3.5464 4.0469 27.14 9.3181 7.4113 8.3012 42.595 50.563 18.469 7.4336 5.9451 8.4061 1.6893
-999 -999 2.5231 0.10647 0 0 0 1.0468 0.9686 0.17676 0.37708 1.3205 2.4971 3.8566 9.4364 16.78 21.761 16.377 2.5505 3.0098 8.3 9.1147 10.6 14.175 17.922 38.417 14.245 10.807 1.3 5.8353 1.1886
-999 -999 6.7649 0.41168 0 0 0 0.54706 0.33253 0 0 0.43752 1.4535 13.18 23.138 40.656 36.006 22.643 4.5588 4.9206 5.6484 7.181 9.4863 11.508 5.182 7.4153 12.777 10.08 6.1392 20.914 17.952
-999 -999 17.374 2.5034 0 0 0 0.36204 0.2575 0.12119 0 0.12766 8.1762 29.337 36.008 39.762 41.666 34.645 6.976 4.4302 0.92931 4.0877 7.7533 4.267 1.3243 1.4141 23.383 32.569 17.966 8.213 1.0351
-999 -999 9.9647 1.2434 0.22669 3.3384 4.2705 4.5014 1.1029 2.8084 2.8515 2.959 10.872 28.563 26.239 33.642 46.511 23.271 8.2361 3.5942 1.5928 2.8204 7.5001 10.265 6.5063 1.4825 10.64 20.511 7.9733 4.9423 12.011
-999 -999 -999 4.0754 3.8291 8.4632 7.3034 8.8643 9.3198 9.1752 11.003 9.8292 14.722 27.499 27.256 22.041 14.473 19.985 20.098 20.52 10.54 7.1575 14.745 16.322 16.542 -999 -999 -999 -999 -999 68.949
-999 -999 -999 10.505 10.422 9.8664 8.7987 10.206 11.34 11.761 11.787 11.845 10.886 17.057 27.028 28.354 34.311 26.176 23.095 26.844 32.125 28.054 24.12 -999 -999 -999 -999 -999 -999 -999 55.846
-999 -999 -999 -999 -999 17.423 17.88 12.095 11.633 11.72 11.825 12.134 11.405 11.919 20.967 45.846 48.554 51.326 62.073 34.985 -999 -999 -999 -999 -999 -999 -999 -999 -999 -999 -999
-999 -999 -999 -999 -999 -999 -999 -999 11.662 11.713 11.934 12.232 9.9889 5.1521 6.1167 32.663 54.38 55.619 59.644 24.179 -999 -999 -999 -999 -999 -999 -999 -999 -999 -999 -999
-999 -999 -999 -999 -999 -999 -999 14.291 11.439 11.404 11.582 11.33 8.3905 2.9947 3.5828 15.814 31.172 31.477 -999 -999 -999 -999 -999 -999 -999 -999 -999 -999 -999 -999 -999
-999 -999 -999 -999 -999 -999 23.711 18.663 11.216 10.349 10.109 8.0478 4.2861 2.2666 2.3347 3.5396 26.732 -999 -999 -999 -999 -999 -999 -999 -999 -999 -999 -999 -999 -999 -999
-999 -999 -999 -999 -999 -999 23.909 21.631 11.144 9.377 9.9388 7.792 3.0741 1.9999 4.2034 8.7309 18.832 -999 -999 -999 -999 -999 -999 -999 -999 -999 -999 -999 -999 -999 -999
-999 -999 -999 -999 -999 -999 28.916 30.846 16.931 9.9799 8.8336 5.0108 0.3764 0.7278 0.73977 3.4689 11.949 -999 -999 -999 -999 -999 -999 -999 -999 -999 -999 -999 -999 -999 -999
-999 -999 -999 -999 -999 -999 -999 38.988 29.879 16.112 6.2037 5.7948 3.4987 2.5865 0.21009 0.28108 5.9795 -999 -999 -999 -999 -999 -999 -999 -999 -999 -999 -999 -999 -999 -999
-999 -999 -999 -999 -999 -999 -999 -999 35.739 23.189 3.2201 8.1683 11.3 13.419 7.0857 1.2463 3.7902 -999 -999 -999 -999 -999 -999 -999 -999 -999 -999 -999 -999 -999 -999
-999 -999 -999 -999 -999 -999 -999 55.007 40.693 8.1016 6.144 8.9156 19.428 22.195 17.386 6.474 5.1377 -999 -999 -999 -999 -999 -999 -999 -999 -999 -999 -999 -999 -999 -999
-999 -999 -999 -999 -999 -999 -999 66.344 28.743 1.9604 1.5271 8.0376 19.134 21.779 18.927 -999 -999 -999 -999 -999 -999 -999 -999 -999 -999 -999 -999 -999 -999 -999 -999
