PC_RASTER_CASE_STUDY/rain_grids/rn_14482.asc
ncols         31
nrows         25
xllcorner     73.125000
yllcorner     13.125000
cellsize      0.25
NODATA_value  -9999
-999 5.6422 0 0 0 0.67023 3.3735 0.38207 -999 -999 -999 -999 -999 -999 -999 -999 -999 -999 -999 -999 -999 -999 -999 -999 -999 -999 -999 -999 -999 -999 -999
-999 1.528 0.13905 0 0 1.1072 6.0119 4.4893 3.1758 -999 -999 -999 -999 -999 -999 -999 -999 -999 -999 -999 -999 -999 -999 -999 -999 -999 -999 -999 -999 -999 -999
-999 1.7505 0.19116 0 0 0 2.3973 9.1457 7.8754 4.0767 -999 -999 -999 -999 -999 -999 -999 -999 -999 -999 -999 -999 -999 -999 -999 -999 -999 -999 -999 -999 -999
26.165 0.41721 0.28367 0 0 0 0.92796 6.4072 8.0495 3.5797 18.211 16.476 -999 -999 -999 -999 -999 -999 -999 -999 -999 -999 -999 -999 -999 -999 -999 -999 -999 -999 -999
-999 18.114 0 0 0.61283 0.28878 0.20325 1.3887 5.0406 0.73178 5.1684 8.3369 -999 -999 -999 -999 -999 -999 -999 -999 -999 -999 -999 -999 -999 -999 -999 -999 -999 -999 -999
-999 25.13 0.6646 0 2.7064 1.2986 0.4571 0 2.4041 1.4602 7.3411 10.366 13.641 47.024 65.338 -999 -999 -999 -999 -999 -999 -999 -999 -999 22.701 20.896 20.063 10.284 13.927 -999 -999
-999 24.805 4.0186 0.96093 6.6166 3.2237 0.68917 0.42197 0.10463 0.32157 3.9295 11.995 27.739 45.787 59.473 41.089 35.015 35.521 18.911 -999 -999 17.511 27.414 16.007 18.584 27.782 29.982 15.791 12.639 -999 -999
-999 -999 3.5932 0.68409 11.553 4.9898 1.3758 2.8446 0.42654 0.68994 6.2821 17.448 30.2 39.109 44.33 52.55 73.099 69.525 15.633 20.527 27.013 32.971 56.004 20.947 8.0545 19.297 29.888 13.596 5.7492 10.335 -999
-999 -999 0 0 3.5688 8.4427 5.3997 3.6016 2.5478 1.5873 5.1377 16.184 32.652 32.204 41.141 40.764 58.3 57.476 12.794 12.494 41.566 65.893 29.163 5.3392 1.1576 0.71992 7.9435 8.9698 3.9862 3.6787 0.59711
-999 -999 1.9444 0 0.28662 2.0146 5.9077 6.1127 4.0483 1.6214 3.5743 3.3313 25.485 16.439 29.325 36.486 39.7 42.306 8.4848 23.937 35.969 55.976 14.988 3.9945 1.8198 0.91057 3.9355 4.8548 5.1955 10.454 18.552
-999 -999 8.9919 0.12511 0 0.98419 5.1679 20.223 8.1845 2.2525 2.3124 3.301 23.703 31.088 21.781 34.848 31.473 27.268 11.227 25.615 53.008 41.646 15.952 6.6898 2.0587 6.6437 10.741 2.8827 5.688 31.537 30.309
-999 -999 35.332 4.6903 0 0 7.4062 7.9455 4.7176 8.2841 12.261 12.849 11.566 5.6683 16.576 41.692 32.107 25.327 21.247 51.199 58.913 37.456 14.345 4.7974 1.5577 12.981 27.713 6.605 3.3418 4.8293 0.75864
-999 -999 29.406 1.6195 0 0 1.1148 7.8395 2.7479 9.3016 13.747 12.275 14.572 22.017 15.135 31.61 25.294 18.956 15.523 36.493 26.628 39.893 8.3162 4.7552 2.6674 13.919 13.155 5.0328 1.0672 13.175 0
-999 -999 -999 1.0267 0.60084 1.1382 0.27535 0.25207 0.62632 3.4514 6.098 11.245 13.699 21.44 63.826 0 13.599 8.1413 5.2838 2.8565 14.4 35.146 9.1633 5.4721 3.6545 -999 -999 -999 -999 -999 0.19532
-999 -999 -999 35.755 1.1347 4.264 3.5924 0 0.18889 1.4521 2.6351 16.534 0.57435 19.808 27.569 38.818 3.1383 7.8841 4.0402 2.21 10.927 30.606 24.679 -999 -999 -999 -999 -999 -999 -999 0
-999 -999 -999 -999 -999 1.525 17.528 15.371 0.2912 1.9307 2.3369 7.5286 12.188 23.06 13.338 13.848 16.8 16.011 15.038 10.355 -999 -999 -999 -999 -999 -999 -999 -999 -999 -999 -999
-999 -999 -999 -999 -999 -999 -999 -999 8.9802 2.9174 3.9816 7.5008 26.378 13.98 15.816 15.172 18.514 15.365 12.043 2.1114 -999 -999 -999 -999 -999 -999 -999 -999 -999 -999 -999
-999 -999 -999 -999 -999 -999 -999 18.622 19.615 4.8814 20.556 28.484 26.763 12.514 11.694 13.212 13.319 13.092 -999 -999 -999 -999 -999 -999 -999 -999 -999 -999 -999 -999 -999
-999 -999 -999 -999 -999 -999 3.6497 5.4999 16.068 7.7358 7.9328 8.2337 23.63 15.929 22.07 13.01 11.855 -999 -999 -999 -999 -999 -999 -999 -999 -999 -999 -999 -999 -999 -999
-999 -999 -999 -999 -999 -999 4.3509 2.6494 20.963 6.8887 16.334 14.806 16.234 3.1529 10.624 4.1507 4.783 -999 -999 -999 -999 -999 -999 -999 -999 -999 -999 -999 -999 -999 -999
-999 -999 -999 -999 -999 -999 3.157 2.8325 13.251 75.624 29.035 25.791 3.7558 0.46504 3.1018 15.765 17.109 -999 -999 -999 -999 -999 -999 -999 -999 -999 -999 -999 -999 -999 -999
-999 -999 -999 -999 -999 -999 -999 12.638 20.427 46.294 50.018 57.305 24.101 2.357 17.819 8.7098 12.917 -999 -999 -999 -999 -999 -999 -999 -999 -999 -999 -999 -999 -999 -999
-999 -999 -999 -999 -999 -999 -999 -999 32.905 46.235 57.724 22.41 8.163 2.9503 15.6 0.53687 22.075 -999 -999 -999 -999 -999 -999 -999 -999 -999 -999 -999 -999 -999 -999
-999 -999 -999 -999 -999 -999 -999 28.094 24.935 49.347 50.564 23.166 16.187 0.69048 5.3833 1.5594 44.164 -999 -999 -999 -999 -999 -999 -999 -999 -999 -999 -999 -999 -999 -999
-999 -999 -999 -999 -999 -999 -999 73.912 18.789 46.525 27.995 15.914 4.9863 5.5538 5.3907 -999 -999 -999 -999 -999 -999 -999 -999 -999 -999 -999 -999 -999 -999 -999 -999
