PC_RASTER_CASE_STUDY/rain_grids/rn_12707.asc
ncols         31
nrows         25
xllcorner     73.125000
yllcorner     13.125000
cellsize      0.25
NODATA_value  -9999
-999 0 0 0 0 0 0 2.5617 -999 -999 -999 -999 -999 -999 -999 -999 -999 -999 -999 -999 -999 -999 -999 -999 -999 -999 -999 -999 -999 -999 -999
-999 0 0 0.22403 0.2992 0.3 0.21682 16.315 11.48 -999 -999 -999 -999 -999 -999 -999 -999 -999 -999 -999 -999 -999 -999 -999 -999 -999 -999 -999 -999 -999 -999
-999 0.10348 0.21511 0.45293 0.48301 0.54609 0.35046 51 51 50.698 -999 -999 -999 -999 -999 -999 -999 -999 -999 -999 -999 -999 -999 -999 -999 -999 -999 -999 -999 -999 -999
0.49949 0.91903 0.71676 0.93331 1.1019 1.4218 20.073 50.997 51 50.997 50.935 50.663 -999 -999 -999 -999 -999 -999 -999 -999 -999 -999 -999 -999 -999 -999 -999 -999 -999 -999 -999
-999 1.1057 1.1485 1.3442 1.6106 1.7231 19.395 50.562 51 51 50.999 50.986 -999 -999 -999 -999 -999 -999 -999 -999 -999 -999 -999 -999 -999 -999 -999 -999 -999 -999 -999
-999 0.51018 0.9079 1.6829 1.9512 2.3615 16.226 49.23 50.992 51 51 51 50.995 49.993 26.076 -999 -999 -999 -999 -999 -999 -999 -999 -999 10.211 6.2359 5.6572 4.6794 5.162 -999 -999
-999 1.1613 1.637 2.5771 2.3412 2.681 13.076 45.803 50.762 50.998 51 51 50.978 49.405 29.191 22.822 20.006 18.075 16.199 -999 -999 32.728 32.992 26.799 12.19 6.9691 8.0977 6.9513 7.4462 -999 -999
-999 -999 3.0324 3.055 2.7198 2.6251 4.2862 37.139 49.739 50.963 51 51 50.908 47.318 25.758 23.193 23.245 22.974 22.978 29.185 37.371 32.54 21.738 25.105 13.573 9.1614 10.517 8.6069 8.449 8.2597 -999
-999 -999 3.7281 2.6605 2.2788 2.3537 2.962 16.298 46.154 50.62 50.993 51 50.72 43.477 22.924 23.494 22.493 21.889 24.358 31.864 37.033 35.166 20.087 19.488 12.937 11.242 10.265 9.5302 7.1016 6.1706 15.09
-999 -999 4.6304 1.6631 1.8245 2.5814 2.4573 5.9889 25.082 48.953 50.923 51 50.203 32.439 23.195 23.898 23.901 24.575 34.767 32.209 33.635 33.254 18.589 17.685 17.585 14.525 15.098 8.615 7.4905 12.025 18.171
-999 -999 2.282 0.50052 0.776 2.6632 2.3106 2.8665 11.179 42.178 50.618 51.003 51.283 42.078 32.868 23.694 21.958 23.89 22.035 21.218 19.083 15.97 18.003 18.406 20.33 19.245 15.333 8.5228 8.088 12.115 12.701
-999 -999 1.715 0.7499 1.0732 1.7425 2.0018 2.1611 3.0348 15.974 49.508 52.729 62.742 55.629 49.715 47.939 28.524 21.562 20.243 15.678 10.618 16.8 29.888 39.3 20.908 23.804 69.402 44.535 13.757 13.281 41.374
-999 -999 1.7543 0.81313 1.2994 1.7101 1.752 2.1635 2.5877 2.92 54.758 62.731 58.011 54.182 51.25 48.506 43.328 27.786 25.988 20.118 15.402 18.438 48.922 54.151 35.103 49.185 96.56 81.961 16.752 23.009 25.33
-999 -999 -999 5.4176 1.3548 0.79211 0.88714 1.6296 2.5192 2.8 70.156 57.794 52.592 50.053 49.62 57.915 48.609 22.372 30.168 34.133 32.087 31.889 57.621 62.074 51.383 -999 -999 -999 -999 -999 40.543
-999 -999 -999 3.4179 0.84504 1.4693 1.276 0.81626 0.28285 15.615 59.378 49.643 47.304 45.555 45.908 52.631 36.138 17.219 20.928 34.96 9.9046 16.198 42.461 -999 -999 -999 -999 -999 -999 -999 43.88
-999 -999 -999 -999 -999 1.8192 1.7231 1.3047 0.38771 0 25.862 36.302 38.178 40.297 39.698 33.16 25.11 25.393 35.53 25.068 -999 -999 -999 -999 -999 -999 -999 -999 -999 -999 -999
-999 -999 -999 -999 -999 -999 -999 -999 0.69954 0 10.755 13.506 15.538 17.016 19.493 23.156 26.59 18.162 29.811 15.706 -999 -999 -999 -999 -999 -999 -999 -999 -999 -999 -999
-999 -999 -999 -999 -999 -999 -999 2.0377 0.77935 1.4084 11.513 12.519 13.813 13.879 13.818 16.246 21.014 8.4201 -999 -999 -999 -999 -999 -999 -999 -999 -999 -999 -999 -999 -999
-999 -999 -999 -999 -999 -999 4.5851 2.7607 0.40334 11.865 12.042 12.13 12.137 11.982 11.696 10.911 0.97467 -999 -999 -999 -999 -999 -999 -999 -999 -999 -999 -999 -999 -999 -999
-999 -999 -999 -999 -999 -999 4.2162 1.8968 0 14.789 12.408 12.024 11.175 10.458 10.906 10.061 0.13833 -999 -999 -999 -999 -999 -999 -999 -999 -999 -999 -999 -999 -999 -999
-999 -999 -999 -999 -999 -999 2.9418 0.32613 0.42821 8.5292 13.237 11.967 10.963 10.249 9.7114 7.8554 4.5852 -999 -999 -999 -999 -999 -999 -999 -999 -999 -999 -999 -999 -999 -999
-999 -999 -999 -999 -999 -999 -999 0.76582 0.95849 5.6625 12.016 10.5 9.7887 8.9752 8.1498 7.5077 6.7831 -999 -999 -999 -999 -999 -999 -999 -999 -999 -999 -999 -999 -999 -999
-999 -999 -999 -999 -999 -999 -999 -999 1.1512 4.0129 8 8.4482 8.57 8.0248 7.7004 7.1797 7.4095 -999 -999 -999 -999 -999 -999 -999 -999 -999 -999 -999 -999 -999 -999
-999 -999 -999 -999 -999 -999 -999 1.326 0.663 2.8877 8 8 7.9441 7.7129 7.1766 7.2962 7.2218 -999 -999 -999 -999 -999 -999 -999 -999 -999 -999 -999 -999 -999 -999
-999 -999 -999 -999 -999 -999 -999 0 0 0 4.6667 8 7.9937 7.7939 7.5159 -999 -999 -999 -999 -999 -999 -999 -999 -999 -999 -999 -999 -999 -999 -999 -999
