PC_RASTER_CASE_STUDY/rain_grids/rn_13327.asc
ncols         31
nrows         25
xllcorner     73.125000
yllcorner     13.125000
cellsize      0.25
NODATA_value  -9999
-999 21.822 3.7253 1.7462 0.7798 0.13661 0 0 -999 -999 -999 -999 -999 -999 -999 -999 -999 -999 -999 -999 -999 -999 -999 -999 -999 -999 -999 -999 -999 -999 -999
-999 27.773 14.849 1.2497 0.89701 0.58564 0 0 0 -999 -999 -999 -999 -999 -999 -999 -999 -999 -999 -999 -999 -999 -999 -999 -999 -999 -999 -999 -999 -999 -999
-999 26.617 24.709 0.93711 0.579 0.13591 0 0.23329 0 0 -999 -999 -999 -999 -999 -999 -999 -999 -999 -999 -999 -999 -999 -999 -999 -999 -999 -999 -999 -999 -999
25.387 28.908 13.788 1.2982 1.4969 0.5421 0.17941 1.032 0.992 0.3248 0.15171 0.40194 -999 -999 -999 -999 -999 -999 -999 -999 -999 -999 -999 -999 -999 -999 -999 -999 -999 -999 -999
-999 29.384 7.7414 3.6518 4.3562 3.3486 0.95148 1.2561 2.7541 6.1256 4.4658 3.9709 -999 -999 -999 -999 -999 -999 -999 -999 -999 -999 -999 -999 -999 -999 -999 -999 -999 -999 -999
-999 28.468 4.7486 2.4585 7.5923 5.1832 0.33332 2.3214 1.6705 1.2699 5.0482 6.0361 2.1393 0.36472 0.26227 -999 -999 -999 -999 -999 -999 -999 -999 -999 0 0.15186 1.914 4.8566 4.573 -999 -999
-999 24.794 8.5705 7.1159 3.8411 1.331 0.37979 3.9111 6.7076 0 0.75538 1.3525 2.7284 1.9978 4.9544 6.7131 18.015 7.1559 8.2634 -999 -999 1.1221 0.48656 0.21728 0 0 0.26253 0.42095 0.67371 -999 -999
-999 -999 9.0457 10.15 3.408 1.7619 0.31116 0.63282 1.3749 2.9926 2.6656 0.4621 2.4024 6.0729 3.9604 11.205 2.9647 22.582 15.268 6.3117 1.0563 1.024 0.86445 0.70396 0.32835 0.31574 0.27634 0.646 0.30874 0.13206 -999
-999 -999 7.8593 3.4242 2.1935 1.6771 0.2677 1.4288 2.4127 6.8334 4.6745 7.6519 5.3894 12.952 13.361 12.407 12.381 19.603 13.984 4.6974 1.6793 1.0136 0.95461 0.90998 0.74567 0.79072 0.93773 0 0.96037 1.1435 3.1651
-999 -999 20.211 8.3892 2.9774 1.9975 0.34791 2.0348 5.9277 9.2099 20.433 11.7 11.352 9.8115 19.925 14.642 14.7 9.902 4.4522 3.0995 1.9093 1.0997 0.90575 0.98334 0.92999 1.0154 2.8159 4.6807 4.7206 6.7953 6.5904
-999 -999 24.29 23.183 9.59 3.7526 1.5857 4.636 9.3472 2.3336 6.2276 11.437 12.298 12.046 7.178 14.673 12.59 1.1939 1.658 1.8103 1.3929 1.1413 0.69695 0.69566 0.40756 0.68978 4.2242 7.6593 7.994 9.332 9.8191
-999 -999 29.311 29.585 6.9584 4.298 1.9227 17.651 13.582 10.892 11.772 7.1658 7.904 2.0635 5.6498 2.7235 0.40896 0.53908 1.3078 1.2966 1.1797 1.0264 0.45524 0.39032 0 0.36605 2.4897 7.3898 8.3014 10.299 9.8558
-999 -999 31.395 12.478 16.637 2.2602 16.713 6.301 12.594 15.788 18.052 5.7419 4.1826 1.8794 2.0684 1.0432 0.42697 0.15828 0.31618 0.72603 0.96313 0.94212 0.45074 0.32208 0.28152 0.64757 3.0463 6.2857 6.0856 7.4165 6.1346
-999 -999 -999 16.5 13.9 5.4066 8.0717 5.2 5.6564 13.745 20.794 15.166 8.686 3.2976 4.6364 0 0.59093 0.27916 0.39496 0.54323 0.76341 0.79272 0.64446 0.34091 0.34657 -999 -999 -999 -999 -999 5.6421
-999 -999 -999 49.088 32.035 6.8122 7.6845 4.7402 3.9955 6.008 8.2756 0 11.982 10.366 10.858 1.2071 0.84087 0.78084 0.56972 0.54663 0.88086 0.86672 0.86648 -999 -999 -999 -999 -999 -999 -999 5.0665
-999 -999 -999 -999 -999 14.153 5.8298 16.4 3.6612 4.3677 1.4116 0.89491 3.726 7.9415 12.863 9.8309 3.9455 0.62941 0.70858 0.8483 -999 -999 -999 -999 -999 -999 -999 -999 -999 -999 -999
-999 -999 -999 -999 -999 -999 -999 -999 5.8478 9.3062 2.8695 0.15737 0.16168 10.2 1.7809 2.9544 2.6791 3.7222 1.339 1.1196 -999 -999 -999 -999 -999 -999 -999 -999 -999 -999 -999
-999 -999 -999 -999 -999 -999 -999 3.0563 3.8286 4.1005 2.5918 8.0541 5.7515 4.5964 1.2204 1.9505 3.2528 4.1023 -999 -999 -999 -999 -999 -999 -999 -999 -999 -999 -999 -999 -999
-999 -999 -999 -999 -999 -999 14.795 2.8577 1.7831 0.74196 1.4927 2.7327 10.213 3.3524 3.5725 1.3208 3.5259 -999 -999 -999 -999 -999 -999 -999 -999 -999 -999 -999 -999 -999 -999
-999 -999 -999 -999 -999 -999 10.639 5.6615 7.692 10.706 0.22903 0.44926 0 0.86588 2.3407 1.5053 3.7858 -999 -999 -999 -999 -999 -999 -999 -999 -999 -999 -999 -999 -999 -999
-999 -999 -999 -999 -999 -999 20.279 26.276 3.47 1.2066 13.603 2.2524 2.7922 0.17343 1.1725 0 3.8884 -999 -999 -999 -999 -999 -999 -999 -999 -999 -999 -999 -999 -999 -999
-999 -999 -999 -999 -999 -999 -999 16.007 13.811 9.0694 3.087 6.9796 6.3728 3.5326 0 1.7869 4.0476 -999 -999 -999 -999 -999 -999 -999 -999 -999 -999 -999 -999 -999 -999
-999 -999 -999 -999 -999 -999 -999 -999 12.112 14.185 1.8217 1.6713 1.671 0.16811 0 0.46186 0 -999 -999 -999 -999 -999 -999 -999 -999 -999 -999 -999 -999 -999 -999
-999 -999 -999 -999 -999 -999 -999 13.009 17.01 18.482 0.65579 0.57332 3.3117 2.1885 0 0 0 -999 -999 -999 -999 -999 -999 -999 -999 -999 -999 -999 -999 -999 -999
-999 -999 -999 -999 -999 -999 -999 30.394 6.0035 6.6678 3.1078 1.8625 1.8345 0.61415 1.0095 -999 -999 -999 -999 -999 -999 -999 -999 -999 -999 -999 -999 -999 -999 -999 -999
