PC_RASTER_CASE_STUDY/rain_grids/rn_12708.asc
ncols         31
nrows         25
xllcorner     73.125000
yllcorner     13.125000
cellsize      0.25
NODATA_value  -9999
-999 0 0 0 0 0 0 1.9706 -999 -999 -999 -999 -999 -999 -999 -999 -999 -999 -999 -999 -999 -999 -999 -999 -999 -999 -999 -999 -999 -999 -999
-999 0.15468 0.65633 3.5845 4.7872 4.8 3.1923 5.1663 14.902 -999 -999 -999 -999 -999 -999 -999 -999 -999 -999 -999 -999 -999 -999 -999 -999 -999 -999 -999 -999 -999 -999
-999 1.6557 3.4417 4.569 4.715 4.6857 4.777 0.6 0.60398 10.072 -999 -999 -999 -999 -999 -999 -999 -999 -999 -999 -999 -999 -999 -999 -999 -999 -999 -999 -999 -999 -999
1.288 3.1167 4.037 4.4503 4.4276 4.2791 2.5931 0.60017 0.6 0.69075 2.631 11.197 -999 -999 -999 -999 -999 -999 -999 -999 -999 -999 -999 -999 -999 -999 -999 -999 -999 -999 -999
-999 3.6474 4.2257 4.2743 4.1895 4.1593 2.6072 0.62651 0.6 0.6 0.6302 1.0512 -999 -999 -999 -999 -999 -999 -999 -999 -999 -999 -999 -999 -999 -999 -999 -999 -999 -999 -999
-999 4.6414 4.459 4.1258 4.3521 4.8522 4.2878 0.94159 0.60354 0.6 0.6 0.60152 0.72359 1.9199 9.9547 -999 -999 -999 -999 -999 -999 -999 -999 -999 7.9067 10.35 6.1227 0.35705 0 -999 -999
-999 4.2532 4.1305 3.8336 4.9646 8.4811 9.9038 2.5658 0.72487 0.60091 0.6 0.6 0.617 1.8232 16.568 18.629 18.192 15.17 9.367 -999 -999 13.43 9.4204 12.142 9.0261 10.191 5.6821 0.66999 0 -999 -999
-999 -999 3.5407 3.6176 9.0259 14.437 18.323 7.2383 1.2764 0.62017 0.60001 0.60001 0.67162 3.4019 19.15 19.056 18.34 15.099 7.2259 6.3932 9.1675 15.433 28.717 17.208 9.843 4.6692 1.5895 1.3707 2.212 2.0209 -999
-999 -999 7.7819 10.113 16.359 22.822 22.963 19.219 3.2338 0.80651 0.60397 0.60013 0.81779 6.4218 20.827 19.539 21.219 22.448 4.9943 4.1092 8.359 12.027 22.048 17.019 6.6942 3.8351 1.0943 0.12835 4.0445 7.1311 1.3472
-999 -999 14.035 24.326 26.869 26.788 26.452 25.359 14.719 1.7125 0.64205 0.6001 1.2175 14.903 20.942 19.587 19.742 19.712 15.94 4.0265 7.8224 8.2545 11.389 6.927 4.81 2.519 0.30013 0 0.69042 1.7729 0.39049
-999 -999 18.538 30.449 30.204 26.927 27.429 27.408 22.323 5.3964 0.80786 0.60064 1.682 15.469 18.825 26.71 32.385 43.813 53.888 43.701 11.657 15.083 10.887 4.7914 1.4233 0.7494 0.16686 0 1.5239 13.887 13.728
-999 -999 17.344 29.224 29.587 28.419 28.106 27.928 27.005 19.641 1.4113 0.98082 4.3981 6.3577 7.0279 11.363 36.491 44.373 50.378 23.424 17.441 16.543 14.271 4.8966 0.98144 0.92005 6.5282 4.7626 3.0173 28.133 15.583
-999 -999 13.355 24.138 27.747 27.609 27.962 27.691 27.171 26.735 6.0344 4.6805 4.9728 5.5958 7.0861 9.0705 15.265 39.041 30.181 15.59 16.146 16.188 11.957 8.8694 6.7783 9.3334 12.146 11.166 4.1701 3.6798 1.9578
-999 -999 -999 7.6514 11.23 21.29 23.043 24.702 26.366 26.8 5.0769 4.4538 4.7851 5.1714 6.2015 6.9055 9.3756 31.089 28.269 21.167 20.445 16.689 11.292 10.77 20.141 -999 -999 -999 -999 -999 12.74
-999 -999 -999 10.509 9.8888 8.9608 9.3537 10.534 13.541 12.067 4.4276 3.9354 4.4626 4.8495 5.1571 5.1168 9.34 32.715 37.676 25.776 36.622 33.469 17.468 -999 -999 -999 -999 -999 -999 -999 8.7912
-999 -999 -999 -999 -999 7.5163 7.5888 8.0822 9.0904 3.5003 1.7035 2.9683 2.9453 3.1859 4.1932 3.4702 5.9346 35.682 38.531 36.733 -999 -999 -999 -999 -999 -999 -999 -999 -999 -999 -999
-999 -999 -999 -999 -999 -999 -999 -999 6.1985 3.2 1.5535 2.1695 2.3631 2.6058 2.0878 2.3252 3.4873 10.631 30.07 38.157 -999 -999 -999 -999 -999 -999 -999 -999 -999 -999 -999
-999 -999 -999 -999 -999 -999 -999 4.6427 4.0109 2.7206 2.2697 2.582 2.6898 2.709 2.3805 2.0929 3.7014 4.0337 -999 -999 -999 -999 -999 -999 -999 -999 -999 -999 -999 -999 -999
-999 -999 -999 -999 -999 -999 3.4013 3.3634 3.0899 2.5874 2.7475 2.8254 2.897 2.9634 2.7791 2.1895 8.7062 -999 -999 -999 -999 -999 -999 -999 -999 -999 -999 -999 -999 -999 -999
-999 -999 -999 -999 -999 -999 1.9343 2.6591 3.2 5.2285 3.0779 3.3599 3.781 3.9871 4.1225 4.6943 4.9656 -999 -999 -999 -999 -999 -999 -999 -999 -999 -999 -999 -999 -999 -999
-999 -999 -999 -999 -999 -999 2.3016 3.0956 2.752 4.8545 4.1052 5.5336 6.5942 8.5378 9.84 10.295 2.4951 -999 -999 -999 -999 -999 -999 -999 -999 -999 -999 -999 -999 -999 -999
-999 -999 -999 -999 -999 -999 -999 2.6885 1.9603 7.3323 11.116 12.33 12.16 12.418 11.609 16.522 11.518 -999 -999 -999 -999 -999 -999 -999 -999 -999 -999 -999 -999 -999 -999
-999 -999 -999 -999 -999 -999 -999 -999 1.232 8.9204 19 18.098 16.374 14.057 12.489 14.448 13.834 -999 -999 -999 -999 -999 -999 -999 -999 -999 -999 -999 -999 -999 -999
-999 -999 -999 -999 -999 -999 -999 1.1757 0.58784 6.5293 19 19 18.286 15.761 13.797 13.129 11.911 -999 -999 -999 -999 -999 -999 -999 -999 -999 -999 -999 -999 -999 -999
-999 -999 -999 -999 -999 -999 -999 0 0 0 11.083 19 18.976 17.624 15.346 -999 -999 -999 -999 -999 -999 -999 -999 -999 -999 -999 -999 -999 -999 -999 -999
