PC_RASTER_CASE_STUDY/rain_grids/rn_12623.asc
ncols         31
nrows         25
xllcorner     73.125000
yllcorner     13.125000
cellsize      0.25
NODATA_value  -9999
-999 8.7398 4.794 2.1817 0.3888 0 0 0 -999 -999 -999 -999 -999 -999 -999 -999 -999 -999 -999 -999 -999 -999 -999 -999 -999 -999 -999 -999 -999 -999 -999
-999 15.804 20.922 50.324 63.931 64.1 42.377 17.117 4.7911 -999 -999 -999 -999 -999 -999 -999 -999 -999 -999 -999 -999 -999 -999 -999 -999 -999 -999 -999 -999 -999 -999
-999 31.727 50.344 59.085 60.152 58.792 63.032 21.3 21.3 21.802 -999 -999 -999 -999 -999 -999 -999 -999 -999 -999 -999 -999 -999 -999 -999 -999 -999 -999 -999 -999 -999
27.858 45.468 52.575 50.791 46.804 39.9 16.496 21.299 21.3 21.305 21.408 21.862 -999 -999 -999 -999 -999 -999 -999 -999 -999 -999 -999 -999 -999 -999 -999 -999 -999 -999 -999
-999 49.287 48.577 42.502 35.923 33.676 14.291 21.139 21.3 21.3 21.302 21.324 -999 -999 -999 -999 -999 -999 -999 -999 -999 -999 -999 -999 -999 -999 -999 -999 -999 -999 -999
-999 60.961 52.802 35.765 28.417 20.805 9.8577 20.619 21.297 21.3 21.3 21.3 21.307 21.581 29.165 -999 -999 -999 -999 -999 -999 -999 -999 -999 19.503 23.257 25.869 28.629 31.484 -999 -999
-999 51.466 37.881 15.644 19.014 9.8795 6.9359 19.173 21.198 21.299 21.3 21.3 21.307 22.017 32.531 33.379 37.124 35.188 39.882 -999 -999 27.074 26.659 25.693 22.394 24.675 20.508 23.048 17.092 -999 -999
-999 -999 10.139 4.5259 5.3288 3.7275 2.7308 15.48 20.757 21.284 21.3 21.3 21.339 23.2 36.005 34.786 33.326 29.748 23.688 21.133 23.328 28.13 38.017 26.287 37.859 46.415 30.838 16.426 10.076 7.9086 -999
-999 -999 8.2972 4.4285 3.6334 2.061 1.8087 6.5387 19.219 21.136 21.297 21.3 21.442 25.662 37.047 36.079 34.922 34.237 21.915 19.636 22.449 25.52 28.524 22.559 54.401 67.25 32.3 18.281 12.041 11.172 15.888
-999 -999 7.55 3.5553 2.3078 0.8941 1.3137 2.5363 10.164 20.417 21.267 21.3 21.818 34.359 38.378 37.516 39.243 44.887 42.372 18.772 24.673 20.428 21.587 21.243 31.164 51.598 25.391 16.889 15.801 14.691 17.824
-999 -999 5.9199 4.1743 3.5856 0.72462 1.2789 1.5738 4.2383 17.495 21.135 21.299 21.735 30.553 34.983 48.656 60.534 88.329 104.47 87.758 29.616 31.386 22.616 20.69 21.239 26.959 23.961 16.393 16.15 14.5 14.274
-999 -999 15.008 4.991 3.7362 2.6118 1.9398 1.5011 1.1258 6.1883 20.656 20.985 16.766 17.037 18 24.251 75.918 88.816 96.504 52.327 34.014 30.98 31.421 21.961 5.6255 8.6019 27.191 29.754 28.098 16.914 8.9305
-999 -999 31.123 22.671 9.1633 5.7217 4.1391 2.059 0.83142 0.55195 16.963 15.84 15.106 14.559 14.219 13.926 13.511 44.949 50.834 31.514 32.984 31.51 33.585 28.509 11.08 17.935 39.99 42.251 43.221 27.422 21.722
-999 -999 -999 65.171 71.816 31.411 20.526 12.218 3.2918 0.5 17.214 14.917 14.161 13.895 14.087 15.308 14.092 13.078 19.891 21.092 24.586 30.699 33.108 32.853 22.838 -999 -999 -999 -999 -999 28.47
-999 -999 -999 69.324 65.825 65.581 62.404 56.488 42.664 28.605 15.18 13.57 13.346 13.238 13.352 14.258 12.668 13.365 16.788 22.261 15.881 18.371 26.812 -999 -999 -999 -999 -999 -999 -999 28.2
-999 -999 -999 -999 -999 66.847 64.347 59.958 51.926 56.076 13.328 12.721 13.245 13.25 12.754 11.188 10.686 9.6549 6.5448 14.154 -999 -999 -999 -999 -999 -999 -999 -999 -999 -999 -999
-999 -999 -999 -999 -999 -999 -999 -999 55.203 56.4 11.973 11.097 10.921 10.906 11.347 11.953 12.474 6.1168 5.1951 9.7582 -999 -999 -999 -999 -999 -999 -999 -999 -999 -999 -999
-999 -999 -999 -999 -999 -999 -999 62.293 56.905 49.854 10.958 10.623 10.63 11.345 11.88 12.186 12.266 7.034 -999 -999 -999 -999 -999 -999 -999 -999 -999 -999 -999 -999 -999
-999 -999 -999 -999 -999 -999 62.785 60.287 57.13 10.504 10.275 10.288 10.6 10.873 10.807 11.45 13.797 -999 -999 -999 -999 -999 -999 -999 -999 -999 -999 -999 -999 -999 -999
-999 -999 -999 -999 -999 -999 66.47 59.834 56.4 6.7308 9.803 9.878 10.081 10.315 9.8531 9.5508 13.252 -999 -999 -999 -999 -999 -999 -999 -999 -999 -999 -999 -999 -999 -999
-999 -999 -999 -999 -999 -999 61.845 57.007 52.18 22.198 8.5719 8.6784 8.6769 7.9644 7.5469 6.2116 1.1588 -999 -999 -999 -999 -999 -999 -999 -999 -999 -999 -999 -999 -999 -999
-999 -999 -999 -999 -999 -999 -999 53.524 43.132 21.308 5.4635 5.9187 5.8771 5.3645 2.9575 3.4266 2.3604 -999 -999 -999 -999 -999 -999 -999 -999 -999 -999 -999 -999 -999 -999
-999 -999 -999 -999 -999 -999 -999 -999 32.74 15.328 4 4.1729 3.9776 3.3077 2.8348 2.9702 2.4952 -999 -999 -999 -999 -999 -999 -999 -999 -999 -999 -999 -999 -999 -999
-999 -999 -999 -999 -999 -999 -999 33.066 18.933 9.2444 4 4 3.881 3.3776 2.8632 2.4516 1.9237 -999 -999 -999 -999 -999 -999 -999 -999 -999 -999 -999 -999 -999 -999
-999 -999 -999 -999 -999 -999 -999 4.8 4.8 4.8 4.3333 4 3.995 3.7102 3.1955 -999 -999 -999 -999 -999 -999 -999 -999 -999 -999 -999 -999 -999 -999 -999 -999
