PC_RASTER_CASE_STUDY/rain_grids/rn_10072.asc
ncols         31
nrows         25
xllcorner     73.125000
yllcorner     13.125000
cellsize      0.25
NODATA_value  -9999
-999 13.062 6.0298 6.2253 10.045 9.9333 19.403 21.878 -999 -999 -999 -999 -999 -999 -999 -999 -999 -999 -999 -999 -999 -999 -999 -999 -999 -999 -999 -999 -999 -999 -999
-999 15.661 7.0262 8.1449 13.592 17.173 23.412 28.318 31.488 -999 -999 -999 -999 -999 -999 -999 -999 -999 -999 -999 -999 -999 -999 -999 -999 -999 -999 -999 -999 -999 -999
-999 32.495 17.907 10.395 12.518 17.606 25.517 42.267 36.9 32.468 -999 -999 -999 -999 -999 -999 -999 -999 -999 -999 -999 -999 -999 -999 -999 -999 -999 -999 -999 -999 -999
54.799 46.851 9.9171 11.924 15.974 17.216 21.122 40.964 35.955 32.801 40.855 50.051 -999 -999 -999 -999 -999 -999 -999 -999 -999 -999 -999 -999 -999 -999 -999 -999 -999 -999 -999
-999 35.661 22.901 16.258 15.295 15.325 16.648 28.026 29.577 51.828 50.249 56.708 -999 -999 -999 -999 -999 -999 -999 -999 -999 -999 -999 -999 -999 -999 -999 -999 -999 -999 -999
-999 63.742 21.886 16.845 14.148 15.088 26.037 20.64 28.484 31.194 67.631 81.509 47.757 26.833 29.241 -999 -999 -999 -999 -999 -999 -999 -999 -999 11.457 11.84 19.865 29.018 28.034 -999 -999
-999 50.173 24.289 17.362 21.546 19.037 31.854 33.527 32.715 26.149 11.011 52.76 56.876 35.415 7.1234 17.5 12.673 59.428 45.243 -999 -999 30.045 32.649 28.266 18.474 19.76 31.683 33.701 24.738 -999 -999
-999 -999 22.067 13.606 20.323 18.889 20.081 34.456 44.842 39.087 13.168 51.951 35.451 55.453 50.8 29.804 35.444 39.429 95.159 67.336 30.485 28.932 24.424 36.397 69.735 58.521 65.817 53.12 29.704 21.532 -999
-999 -999 23.872 15.722 17.927 19.147 20.355 31.735 37.723 21.626 30.582 43.584 46.959 56.721 15.425 25.476 59.32 76.955 117.52 68.856 35.682 29.669 44.699 45.448 73.008 70.827 71.725 69.153 37.164 17.804 26.88
-999 -999 39.502 28.719 23.709 18.82 19.912 26.304 26.176 7.4394 16.475 17.282 73.349 17.986 49.66 89.667 62.887 51.625 79.951 40.597 34.614 33.962 72.645 101.37 80.708 66.394 65.584 74.013 85.131 33.674 30.137
-999 -999 45.811 35.457 32.265 7.4302 11.136 15.793 33.146 17.284 6.5891 10.72 7.0441 9.2829 16.938 33.992 26.944 18.336 21.18 18.818 21.465 15.879 56.528 77.812 66.335 58.017 58.645 41.993 67.767 21.249 21.994
-999 -999 69.165 34.176 24.562 54.05 14.748 14.074 31.289 10.409 4.5487 13.13 7.083 14.044 16.492 15.052 23.577 20.536 16.949 13.69 17.944 12.14 10.753 43.318 48.3 44.324 24.439 19.49 11.003 6.133 6.6
-999 -999 73.038 36.047 21.811 14.896 8.8163 12.016 17.445 7.458 7.7971 9.5786 2.1789 7.45 19.338 1.8512 29.412 18.599 24.495 18.56 14.251 12.053 10.175 8.4268 7.5134 7.5412 4.1797 4.1155 3.5812 6.4647 5.2722
-999 -999 -999 15.356 26.471 17.823 12.036 14.4 14.949 11.972 11.959 7.0375 9.4528 2.244 9.5217 0 21.595 19.821 30.618 35.322 30.69 12.004 8.4551 8.2089 7.5736 -999 -999 -999 -999 -999 4.6419
-999 -999 -999 43.093 39.589 14.101 10.462 9.805 12.875 14.026 13.4 9.1731 7.0488 2.6726 8.2049 10.282 9.8427 15.076 20.88 32.754 15.929 11.75 8.7435 -999 -999 -999 -999 -999 -999 -999 5.206
-999 -999 -999 -999 -999 14.978 13.448 0 20.912 19.393 12.466 12.289 9.6828 5.6078 8.2507 10.856 12.525 11.739 11.5 12.407 -999 -999 -999 -999 -999 -999 -999 -999 -999 -999 -999
-999 -999 -999 -999 -999 -999 -999 -999 11.326 16.669 12.803 14.211 19.05 9.1323 24.783 13.482 16.814 16.232 12.647 10.865 -999 -999 -999 -999 -999 -999 -999 -999 -999 -999 -999
-999 -999 -999 -999 -999 -999 -999 16.422 10.436 3.9594 11.499 10.292 15.639 20.674 9.2903 15.187 15.423 16.153 -999 -999 -999 -999 -999 -999 -999 -999 -999 -999 -999 -999 -999
-999 -999 -999 -999 -999 -999 40.813 16.89 18.445 9.7059 5.1418 5.4812 13.865 9.6072 9.7786 7.5714 4.7107 -999 -999 -999 -999 -999 -999 -999 -999 -999 -999 -999 -999 -999 -999
-999 -999 -999 -999 -999 -999 34.101 20.202 15.807 10.256 8.4775 8.1118 1.0451 4.9156 7.8021 4.2443 1.0541 -999 -999 -999 -999 -999 -999 -999 -999 -999 -999 -999 -999 -999 -999
-999 -999 -999 -999 -999 -999 66.161 32.033 19.238 9.6612 41.395 11.778 6.2643 1.6885 0 0 0.99101 -999 -999 -999 -999 -999 -999 -999 -999 -999 -999 -999 -999 -999 -999
-999 -999 -999 -999 -999 -999 -999 40.12 38.242 9.6053 20.884 8.3931 12.746 3.1795 1.1318 0 0.38863 -999 -999 -999 -999 -999 -999 -999 -999 -999 -999 -999 -999 -999 -999
-999 -999 -999 -999 -999 -999 -999 -999 76.418 38.564 32.465 19.658 16.653 11.248 11 3.5669 23.076 -999 -999 -999 -999 -999 -999 -999 -999 -999 -999 -999 -999 -999 -999
-999 -999 -999 -999 -999 -999 -999 57.314 83.829 70.316 19.698 5.2102 12.686 6.2757 7.864 16.2 3.4498 -999 -999 -999 -999 -999 -999 -999 -999 -999 -999 -999 -999 -999 -999
-999 -999 -999 -999 -999 -999 -999 36.036 101.79 65.12 15.289 15.072 7.8746 3.3601 8.3782 -999 -999 -999 -999 -999 -999 -999 -999 -999 -999 -999 -999 -999 -999 -999 -999
