PC_RASTER_CASE_STUDY/rain_grids/rn_12625.asc
ncols         31
nrows         25
xllcorner     73.125000
yllcorner     13.125000
cellsize      0.25
NODATA_value  -9999
-999 14.093 26.799 33.25 23.039 2.5773 2.5 3.7809 -999 -999 -999 -999 -999 -999 -999 -999 -999 -999 -999 -999 -999 -999 -999 -999 -999 -999 -999 -999 -999 -999 -999
-999 21.199 41.586 165.85 214.91 215.4 143.3 38.152 4.829 -999 -999 -999 -999 -999 -999 -999 -999 -999 -999 -999 -999 -999 -999 -999 -999 -999 -999 -999 -999 -999 -999
-999 86.277 159.86 198.1 202.81 198.46 211.99 0.7 0.70049 1.8684 -999 -999 -999 -999 -999 -999 -999 -999 -999 -999 -999 -999 -999 -999 -999 -999 -999 -999 -999 -999 -999
83.584 162.85 179.74 174.22 160.23 138.19 35.344 0.70128 0.7 0.71119 0.9505 2.0071 -999 -999 -999 -999 -999 -999 -999 -999 -999 -999 -999 -999 -999 -999 -999 -999 -999 -999 -999
-999 181.41 173.2 148.73 125.72 118.31 29.555 0.90114 0.7 0.7 0.70372 0.75565 -999 -999 -999 -999 -999 -999 -999 -999 -999 -999 -999 -999 -999 -999 -999 -999 -999 -999 -999
-999 208.75 183.12 128.53 101.58 76.718 20.096 1.3053 0.70095 0.7 0.7 0.70019 0.71607 1.6048 16.007 -999 -999 -999 -999 -999 -999 -999 -999 -999 30.921 26.078 54.068 97.351 94.063 -999 -999
-999 185.23 135.44 62.426 71.422 40.808 13.469 1.6346 0.71163 0.70005 0.7 0.7 0.71944 2.0533 18.13 20.94 20.414 18.026 17.159 -999 -999 7.7216 8.1847 12.109 24.614 28.387 29.645 92.037 135.33 -999 -999
-999 -999 45.275 25.356 28.14 21.495 13.608 2.2715 0.74874 0.70115 0.7 0.70001 0.77962 3.7482 20.568 20.977 20.541 18.104 11.46 9.1596 8.7671 7.5375 4.7506 5.2521 14.989 15.809 11.129 48.052 119.26 148.18 -999
-999 -999 45.393 25.847 24.536 14.967 11.555 3.4736 0.93414 0.71182 0.70023 0.70015 0.93711 6.9049 22.365 21.112 23.31 24.85 9.1953 5.972 8.3604 8.2059 3.5707 2.9948 7.5667 10.022 10.606 11.744 88.038 103.92 78.571
-999 -999 51.853 30.59 20.302 6.1596 9.9379 7.5344 1.9126 0.76438 0.70241 0.70011 1.3474 15.461 22.133 20.753 20.557 19.192 5.5024 4.0772 5.7949 6.3524 3.1209 2.6969 3.9933 8.8269 10.056 13.406 20.458 55.571 58.44
-999 -999 69.626 40.763 34.956 4.5252 10.349 10.835 2.9503 0.98801 0.7119 0.70018 1.6172 15.035 19.041 19.433 18.186 7.5851 4.6525 10.028 23.154 24.894 7.3111 2.7686 2.4558 4.9834 10.364 15.512 14.194 27.05 31.03
-999 -999 85.964 42.515 32.404 23.742 17.107 12.792 6.5285 1.8161 0.74645 0.80737 1.659 2.3412 3.0041 6.9288 9.7279 10.358 8.9526 27.362 33.314 22.17 17.044 3.0453 0.91987 2.0039 6.4154 11.058 9.8521 11.786 11.592
-999 -999 127.27 101.86 64.402 38.918 32.41 17.582 5.7112 2.1975 1.4919 1.7635 1.5769 1.4135 1.2734 1.1441 0.89055 2.0046 10.836 22.095 26.049 22.127 11.322 4.4922 1.9598 4.991 7.6063 8.1314 7.6408 11.359 9.2699
-999 -999 -999 253.06 256.13 202.04 166.93 98.163 26.863 2.2 1.9508 1.6371 1.4208 1.2786 1.263 1.5084 1.0764 0.16651 0 0.71939 5.5383 15.784 5.645 4.7936 4.2467 -999 -999 -999 -999 -999 10.688
-999 -999 -999 291.68 291.34 279.92 284.02 296.08 282.77 133.54 1.691 1.5859 1.2561 1.1345 1.1135 1.4484 0.36111 0 0 0 1.0165 2.0001 2.9174 -999 -999 -999 -999 -999 -999 -999 9.7835
-999 -999 -999 -999 -999 265.66 266.51 273.12 287.39 247.5 4.3317 2.8344 2.2478 1.8092 0.88731 0.82047 0.42175 0 0 0.48792 -999 -999 -999 -999 -999 -999 -999 -999 -999 -999 -999
-999 -999 -999 -999 -999 -999 -999 -999 262.47 245.2 6.152 5.019 4.2362 3.7245 2.7369 1.2143 0 0 0 0.78822 -999 -999 -999 -999 -999 -999 -999 -999 -999 -999 -999
-999 -999 -999 -999 -999 -999 -999 239.91 244.83 208.36 5.784 5.3898 4.9185 4.4205 4.5062 4.0199 0 0 -999 -999 -999 -999 -999 -999 -999 -999 -999 -999 -999 -999 -999
-999 -999 -999 -999 -999 -999 225.61 229.1 240.92 5.6139 5.5281 5.3692 4.9495 4.5897 5.0054 5.6374 0.32622 -999 -999 -999 -999 -999 -999 -999 -999 -999 -999 -999 -999 -999 -999
-999 -999 -999 -999 -999 -999 212.71 226.05 245.2 4.199 5.3511 5.1979 4.7947 4.4668 4.2812 3.527 0 -999 -999 -999 -999 -999 -999 -999 -999 -999 -999 -999 -999 -999 -999
-999 -999 -999 -999 -999 -999 216.31 241.62 217.36 74.339 4.8451 4.4099 3.8689 2.9918 2.4391 1.191 0.55339 -999 -999 -999 -999 -999 -999 -999 -999 -999 -999 -999 -999 -999 -999
-999 -999 -999 -999 -999 -999 -999 216.97 165.25 70.956 2.3851 2.1296 2.0403 1.672 0.64431 0 0.2489 -999 -999 -999 -999 -999 -999 -999 -999 -999 -999 -999 -999 -999 -999
-999 -999 -999 -999 -999 -999 -999 -999 113.54 45.229 0 0.27329 0.46113 0.42425 0.39496 0.14957 0.2175 -999 -999 -999 -999 -999 -999 -999 -999 -999 -999 -999 -999 -999 -999
-999 -999 -999 -999 -999 -999 -999 111.59 59.345 22.148 0 0 0 0.15898 0.17503 0.23306 0.30305 -999 -999 -999 -999 -999 -999 -999 -999 -999 -999 -999 -999 -999 -999
-999 -999 -999 -999 -999 -999 -999 7.1 7.1 7.1 2.9583 0 0 0 0.12946 -999 -999 -999 -999 -999 -999 -999 -999 -999 -999 -999 -999 -999 -999 -999 -999
