PC_RASTER_CASE_STUDY/rain_grids/rn_12616.asc
ncols         31
nrows         25
xllcorner     73.125000
yllcorner     13.125000
cellsize      0.25
NODATA_value  -9999
-999 0.11232 0.24445 0.2318 0 0 0 0 -999 -999 -999 -999 -999 -999 -999 -999 -999 -999 -999 -999 -999 -999 -999 -999 -999 -999 -999 -999 -999 -999 -999
-999 0.13535 0.57429 3.1365 4.1888 4.2 2.7759 6.005 5.9442 -999 -999 -999 -999 -999 -999 -999 -999 -999 -999 -999 -999 -999 -999 -999 -999 -999 -999 -999 -999 -999 -999
-999 1.4488 3.0115 3.8258 3.932 3.8397 4.1278 15.3 15.301 17.461 -999 -999 -999 -999 -999 -999 -999 -999 -999 -999 -999 -999 -999 -999 -999 -999 -999 -999 -999 -999 -999
1.0929 2.6681 3.2848 3.2862 3.0259 2.5573 6.0187 15.299 15.3 15.321 15.763 17.717 -999 -999 -999 -999 -999 -999 -999 -999 -999 -999 -999 -999 -999 -999 -999 -999 -999 -999 -999
-999 3.0395 3.12 2.7293 2.287 2.1386 5.6449 15.161 15.3 15.3 15.307 15.403 -999 -999 -999 -999 -999 -999 -999 -999 -999 -999 -999 -999 -999 -999 -999 -999 -999 -999 -999
-999 3.98 3.436 2.2711 1.7792 1.2871 4.39 14.738 15.297 15.3 15.3 15.3 15.328 15.096 6.6314 -999 -999 -999 -999 -999 -999 -999 -999 -999 8.725 18.16 12.526 11.333 6.8438 -999 -999
-999 3.3951 2.4587 0.9087 1.1419 0.53891 3.3048 13.651 15.224 15.299 15.3 15.3 15.292 14.653 6.3088 4.0585 3.9373 4.5951 3.9935 -999 -999 35.384 12.992 13.446 13.878 13.911 11.36 3.079 2.8972 -999 -999
-999 -999 0.70692 0.15597 0.21355 0.12421 0.56007 10.907 14.9 15.288 15.3 15.3 15.263 13.757 4.492 3.6274 4.0211 5.4531 8.3254 39.49 62.22 49.542 20.3 29.537 20.884 8.3752 3.55 0.4151 0.74397 1.0011 -999
-999 -999 1.484 0.14815 0 0 0.16464 4.3122 13.763 15.179 15.298 15.3 15.182 11.961 2.9094 3.2203 3.2754 3.2545 8.773 16.225 58.669 56.475 35.428 42.501 13.837 7.4104 2.1887 0 0.28814 0.15908 0.2184
-999 -999 2.6347 0.21756 0 0 0 1.1182 7.0809 14.65 15.275 15.3 14.939 6.622 2.5931 2.8668 2.55 1.4626 4.8746 17.858 33.879 46.614 21.468 10.816 7.1099 4.5835 0.52899 0 0 0 0.20086
-999 -999 7.3021 0 0 0 0 0.19248 2.6799 12.5 15.179 15.3 14.618 6.386 4.1586 1.7843 1.3297 0.30474 0.25876 2.8034 8.2504 3.659 10.072 7.0148 1.1943 0.39136 0 0.26638 2.6364 10.462 8.1231
-999 -999 13.921 1.7981 0.47268 0.29726 0.13811 0 0.16071 4.1824 14.826 15.038 17.127 16.669 18.305 6.8654 1.4029 0.72272 0.77084 4.8866 1.1523 1.5397 6.2493 9.1065 0.72613 0 0 1.7753 8.4997 23.378 9.4179
-999 -999 25.357 9.4612 4.1008 1.0828 0.80836 0.33962 0 0 11.749 19.257 20.277 20.49 19.576 18.458 14.674 5.2 21.498 17.736 4.46 2.3973 12.889 13.687 4.673 0 0 0.25719 1.7942 5.3913 0.39465
-999 -999 -999 21.793 8.4614 9.826 8.8873 5.1241 1.32 0 13.474 22.992 23.869 23.019 21.556 17.003 15.79 8.2386 31.89 41.632 32.495 7.9976 15.492 16.551 6.6008 -999 -999 -999 -999 -999 1.5605
-999 -999 -999 11.529 13.096 12.717 13.575 15.354 16.393 13.5 22.305 28.991 27.464 26.112 24.538 24.035 10.972 8.3171 17.113 36.354 15.85 12.883 8.9774 -999 -999 -999 -999 -999 -999 -999 0.84457
-999 -999 -999 -999 -999 11.874 12.451 13.8 16.458 15.304 34.141 33.633 31.999 31.447 29.521 37.492 34.255 9.0917 10.979 15.109 -999 -999 -999 -999 -999 -999 -999 -999 -999 -999 -999
-999 -999 -999 -999 -999 -999 -999 -999 15.074 15.2 37.148 38.831 39.213 38.61 39.493 33.314 25.9 12.202 10.112 9.1492 -999 -999 -999 -999 -999 -999 -999 -999 -999 -999 -999
-999 -999 -999 -999 -999 -999 -999 12.031 14.346 18.137 38.539 38.857 38.675 36.569 35.696 33.078 23.868 14.996 -999 -999 -999 -999 -999 -999 -999 -999 -999 -999 -999 -999 -999
-999 -999 -999 -999 -999 -999 10.106 11.813 14.594 39.175 39.495 39.339 38.463 37.714 38.182 37.877 31.805 -999 -999 -999 -999 -999 -999 -999 -999 -999 -999 -999 -999 -999 -999
-999 -999 -999 -999 -999 -999 9.2611 12.425 15.2 44.457 40.156 39.456 38.285 37.444 38.502 38.841 28.557 -999 -999 -999 -999 -999 -999 -999 -999 -999 -999 -999 -999 -999 -999
-999 -999 -999 -999 -999 -999 10.951 14.704 13.276 29.861 41.554 38.504 36.598 34.909 33.595 30.495 17.041 -999 -999 -999 -999 -999 -999 -999 -999 -999 -999 -999 -999 -999 -999
-999 -999 -999 -999 -999 -999 -999 12.946 9.9239 20.157 36.415 32.782 31.294 29.475 23.662 23.666 20.875 -999 -999 -999 -999 -999 -999 -999 -999 -999 -999 -999 -999 -999 -999
-999 -999 -999 -999 -999 -999 -999 -999 6.9022 14.13 25 26.282 26.459 24.143 22.457 22.523 21.222 -999 -999 -999 -999 -999 -999 -999 -999 -999 -999 -999 -999 -999 -999
-999 -999 -999 -999 -999 -999 -999 6.6345 4.3672 10.489 25 25 24.774 23.507 22.126 21.047 19.789 -999 -999 -999 -999 -999 -999 -999 -999 -999 -999 -999 -999 -999 -999
-999 -999 -999 -999 -999 -999 -999 2.1 2.1 2.1 15.458 25 24.987 24.231 22.876 -999 -999 -999 -999 -999 -999 -999 -999 -999 -999 -999 -999 -999 -999 -999 -999
