PC_RASTER_CASE_STUDY/rain_grids/rn_14117.asc
ncols         31
nrows         25
xllcorner     73.125000
yllcorner     13.125000
cellsize      0.25
NODATA_value  -9999
-999 1.0481 7.4369 10.87 7.6205 2.1085 4.2742 35.181 -999 -999 -999 -999 -999 -999 -999 -999 -999 -999 -999 -999 -999 -999 -999 -999 -999 -999 -999 -999 -999 -999 -999
-999 24.352 53.597 34.47 10.084 11.277 6.4544 23.816 25.994 -999 -999 -999 -999 -999 -999 -999 -999 -999 -999 -999 -999 -999 -999 -999 -999 -999 -999 -999 -999 -999 -999
-999 61.06 77.751 59.714 23.735 26.583 32.952 30.665 23.774 28.084 -999 -999 -999 -999 -999 -999 -999 -999 -999 -999 -999 -999 -999 -999 -999 -999 -999 -999 -999 -999 -999
65.138 71.802 38.997 68.003 30.767 33.246 38.626 39.323 28.979 30.696 72.807 74.736 -999 -999 -999 -999 -999 -999 -999 -999 -999 -999 -999 -999 -999 -999 -999 -999 -999 -999 -999
-999 55.279 56.756 45.386 33.321 38.435 46.932 39.294 25.724 31.963 44.983 45.062 -999 -999 -999 -999 -999 -999 -999 -999 -999 -999 -999 -999 -999 -999 -999 -999 -999 -999 -999
-999 61.017 62.5 45.276 24.51 33.472 85.227 80.821 35.043 21.35 37.384 32.42 38.585 36.244 18.098 -999 -999 -999 -999 -999 -999 -999 -999 -999 6.589 8.5936 7.5784 6.5535 4.7208 -999 -999
-999 45.293 19.281 27.184 39.005 29.558 86.376 83.892 60.673 15.659 10.167 21.224 36.735 42.26 51.9 65.493 55.474 52.331 22.943 -999 -999 16.04 17.243 30.863 18.73 9.6599 22.495 19.282 12.807 -999 -999
-999 -999 36.238 30.239 42.347 42.006 45.99 61.578 89.405 76.445 21.083 31.962 47.981 22.563 51.513 67.178 45.153 52.458 42.951 28.608 14.215 10.925 7.6166 23.374 26.782 25.12 28.517 22.14 12.933 1.637 -999
-999 -999 36.422 23.382 22.366 27.195 31.027 41.777 57.879 60.727 44.528 34.102 55.783 35.495 52.286 40.405 43.806 50.373 45.943 30.899 13.617 12.741 16.133 20.413 24.11 27.615 27.339 21.614 35.391 41.63 43.227
-999 -999 26.257 16.543 17.423 23.104 12.462 17.171 47.722 19.652 20.633 44.76 41.617 20.14 21.738 28.095 24.659 43.377 34.887 22.3 20.133 10.702 11.853 13.921 16.975 23.103 33.043 30.009 39.06 52.495 33.186
-999 -999 47.436 21.209 13.72 8.2481 10.636 7.9784 43.299 51.416 35.912 18.671 26.82 21.678 18.561 37.829 32.129 20.94 13.017 11.038 5.8559 4.1055 3.4424 8.8698 12.567 18.63 30.651 23.953 26.393 33.832 29.938
-999 -999 106 33.772 8.8485 10.85 7.4183 9.6329 15.3 42.816 33.064 45.46 34.867 19.903 19.35 33.842 43.13 21.513 8.406 1.7995 2.2296 0.29326 2.3445 9.9253 18.342 28.218 37.265 25.62 30.174 16.764 4.8642
-999 -999 51.214 20.703 6.2629 1.6301 4.5908 5.5929 15.403 6.6719 19.173 46.998 19.076 18.369 31.267 28.413 37.379 17.833 8.9628 1.535 2.2389 5.5445 3.5527 5.6955 12.023 26.862 25.215 31.349 56.083 19.503 7.8937
-999 -999 -999 15.467 9.7563 4.5593 3.5589 0 10.599 6.1396 17.456 21.525 10.025 9.7555 29.09 1.6785 1.3953 5.2599 11.203 10.593 7.3103 12.521 5.4129 3.8749 2.6978 -999 -999 -999 -999 -999 18.785
-999 -999 -999 32.576 7.9258 35.003 6.2522 5.8849 21.108 10.887 20.583 7.9384 7.7772 12.809 12.993 1.9093 0 0.18284 10.348 11.029 5.9085 11.241 3.6756 -999 -999 -999 -999 -999 -999 -999 16.698
-999 -999 -999 -999 -999 6.1445 6.0236 13.2 13.148 6.5288 26.811 22.407 11.481 20.877 4.5689 2.9753 5.5556 5.7985 1.2743 10.364 -999 -999 -999 -999 -999 -999 -999 -999 -999 -999 -999
-999 -999 -999 -999 -999 -999 -999 -999 3.9087 4.5302 5.0721 5.6401 10.754 1.9619 3.9801 5.1289 14.277 27.58 5.8945 5.1264 -999 -999 -999 -999 -999 -999 -999 -999 -999 -999 -999
-999 -999 -999 -999 -999 -999 -999 5.5872 7.6573 17.512 2.0028 1.4638 5.7939 5.0725 4.6747 5.1599 28.775 37.928 -999 -999 -999 -999 -999 -999 -999 -999 -999 -999 -999 -999 -999
-999 -999 -999 -999 -999 -999 11.674 11.929 10.676 4.6554 4.3468 10.154 8.9322 15.056 14.42 1.5564 15.148 -999 -999 -999 -999 -999 -999 -999 -999 -999 -999 -999 -999 -999 -999
-999 -999 -999 -999 -999 -999 24.429 7.1145 13.644 6.6164 8.8034 2.7401 10.328 7.2114 8.9363 3.6967 10.33 -999 -999 -999 -999 -999 -999 -999 -999 -999 -999 -999 -999 -999 -999
-999 -999 -999 -999 -999 -999 48.016 13.488 17.035 9.012 24.191 11.482 8.7211 9.4923 5.1728 6.9195 9.0575 -999 -999 -999 -999 -999 -999 -999 -999 -999 -999 -999 -999 -999 -999
-999 -999 -999 -999 -999 -999 -999 19.524 36.792 19.65 3.2522 21.289 10.699 12.492 18.272 5.4176 7.3841 -999 -999 -999 -999 -999 -999 -999 -999 -999 -999 -999 -999 -999 -999
-999 -999 -999 -999 -999 -999 -999 -999 14.669 19.874 13.101 12.063 16.305 15.865 23.6 10.885 1.0525 -999 -999 -999 -999 -999 -999 -999 -999 -999 -999 -999 -999 -999 -999
-999 -999 -999 -999 -999 -999 -999 52.828 63.397 35.21 5.0041 11.487 22.434 17.261 9.9301 3.9 0.75299 -999 -999 -999 -999 -999 -999 -999 -999 -999 -999 -999 -999 -999 -999
-999 -999 -999 -999 -999 -999 -999 63.755 57.885 26.224 5.7881 2.6074 0 4.2636 0 -999 -999 -999 -999 -999 -999 -999 -999 -999 -999 -999 -999 -999 -999 -999 -999
