PC_RASTER_CASE_STUDY/rain_grids/rn_14849.asc
ncols         31
nrows         25
xllcorner     73.125000
yllcorner     13.125000
cellsize      0.25
NODATA_value  -9999
-999 35.718 17.157 13.649 14.568 11.953 9.7788 10.578 -999 -999 -999 -999 -999 -999 -999 -999 -999 -999 -999 -999 -999 -999 -999 -999 -999 -999 -999 -999 -999 -999 -999
-999 21.112 16.762 15.413 16.205 13.294 8.7887 8.6166 7.4471 -999 -999 -999 -999 -999 -999 -999 -999 -999 -999 -999 -999 -999 -999 -999 -999 -999 -999 -999 -999 -999 -999
-999 14.902 14.337 11.484 12.425 6.9517 6.1676 7.3888 4.8326 6.0105 -999 -999 -999 -999 -999 -999 -999 -999 -999 -999 -999 -999 -999 -999 -999 -999 -999 -999 -999 -999 -999
15.37 12.697 10.321 9.6416 8.9475 6.18 6.913 13.543 11.422 10.147 4.8567 5.6224 -999 -999 -999 -999 -999 -999 -999 -999 -999 -999 -999 -999 -999 -999 -999 -999 -999 -999 -999
-999 11.724 8.6453 7.109 6.0545 5.8737 10.351 15.494 16.094 6.2688 5.3576 8.0248 -999 -999 -999 -999 -999 -999 -999 -999 -999 -999 -999 -999 -999 -999 -999 -999 -999 -999 -999
-999 15.917 9.7641 6.7583 5.9456 6.3748 9.2168 12.414 17.709 17.627 12.153 13.502 12.326 13.105 6.4591 -999 -999 -999 -999 -999 -999 -999 -999 -999 6.7018 10.879 17.121 16.321 14.894 -999 -999
-999 67.379 8.0325 6.2734 4.9626 4.3294 9.246 10.728 14.438 21.341 26.065 30.58 27.719 19.758 9.2689 10.401 19.827 22.995 20.294 -999 -999 16.677 4.8472 5.923 7.5082 13.875 18.365 11.365 4.5261 -999 -999
-999 -999 33.854 9.4763 5.1137 4.8641 6.2059 7.7333 15.719 19.58 29.665 39.343 32.935 17.82 12.495 18.656 25.324 24.346 17.716 13.457 4.7262 3.3389 0.38673 3.0267 6.3722 14.034 19.501 9.603 1.2348 2.1681 -999
-999 -999 29.208 10.398 5.6356 4.0079 5.3683 6.9037 10.32 10.422 24.86 29.481 27.087 15.21 13.361 17.864 28.361 29.908 17.656 7.1207 3.0426 0.22883 1.6086 2.7376 4.7565 6.213 9.9727 2.9488 1.1205 1.5749 0.38272
-999 -999 16.978 12.034 5.8051 2.9354 3.607 5.2736 4.0531 2.108 6.0038 14.463 20.069 17.994 14.655 18.86 24.378 23.909 12.116 8.9268 3.0626 1.018 1.1848 1.8436 3.4283 4.4927 0.40107 0.35139 0.70176 0.35202 0
-999 -999 26.577 6.3684 3.5034 0.18068 2.8575 1.0948 0.70312 1.0543 1.8875 6.5662 10.811 15.298 8.346 7.4766 11.896 11.062 15.016 11.298 2.9008 1.8404 0.11004 0.92949 1.7925 1.7026 0.17279 0.51801 1.678 2.9349 1.5764
-999 -999 42.409 21.676 7.3489 2.4642 1.308 1.1398 1.0039 1.2392 1.1355 3.1825 4.0884 4.2305 0.45437 0.43137 0.12042 0.77451 4.7988 2.4739 0.21607 0.70421 0.21665 0.62618 1.2164 1.0523 1.776 2.9503 4.3766 5.3729 6.7293
-999 -999 33.904 20.398 4.9234 4.0452 2.5009 1.3629 1.2034 2.0876 1.8276 4.2 4.4594 0.4275 0.40551 0.63937 1.0409 0.25065 0 0 0 0 0.58529 1.4682 1.7169 0.86054 0.7622 1.9812 3.4418 2.1305 2.0148
-999 -999 -999 28.767 20.006 5.6675 4.9367 2.091 4.1783 5.461 10.435 10.244 10.489 0.29418 0.33773 0.30168 0.28481 0.75813 0.47328 0 0 0 1.4826 2.2057 2.9417 -999 -999 -999 -999 -999 0.48066
-999 -999 -999 32.26 22.167 5.6654 3.4718 3.2338 5.0644 8.3658 10.982 12.303 11.949 6.718 0.1007 0 0.61855 0.76612 0.79712 0.16429 2.2736 2.8145 3.2147 -999 -999 -999 -999 -999 -999 -999 0.3996
-999 -999 -999 -999 -999 10.994 2.4358 1.0732 5.9694 8.7714 10.78 13.719 12.876 10.223 4.8104 0 0.18357 0.63631 0.27929 2.1967 -999 -999 -999 -999 -999 -999 -999 -999 -999 -999 -999
-999 -999 -999 -999 -999 -999 -999 -999 5.0506 8.7691 11.771 14.076 12.281 11.062 9.9059 5.4409 0.64841 1.2508 0.42796 2.1274 -999 -999 -999 -999 -999 -999 -999 -999 -999 -999 -999
-999 -999 -999 -999 -999 -999 -999 3.8928 4.642 8.4098 9.5667 11.063 12.48 9.4671 11.117 14.457 5.8409 0.89408 -999 -999 -999 -999 -999 -999 -999 -999 -999 -999 -999 -999 -999
-999 -999 -999 -999 -999 -999 6.923 4.5149 4.7719 5.7377 5.608 6.0707 4.3143 5.2917 2.4993 17.63 3.609 -999 -999 -999 -999 -999 -999 -999 -999 -999 -999 -999 -999 -999 -999
-999 -999 -999 -999 -999 -999 8.3399 6.3609 5.1099 4.7075 4.5078 4.6054 2.592 0.61707 3.8702 3.3423 0.89706 -999 -999 -999 -999 -999 -999 -999 -999 -999 -999 -999 -999 -999 -999
-999 -999 -999 -999 -999 -999 14.425 19.305 11.762 5.6669 4.4586 4.0579 2.7593 0.41873 0.19743 0.83737 2.5338 -999 -999 -999 -999 -999 -999 -999 -999 -999 -999 -999 -999 -999 -999
-999 -999 -999 -999 -999 -999 -999 33.517 30.253 11.225 5.3151 3.193 0.94641 0.18413 0.28221 0.28895 0.6767 -999 -999 -999 -999 -999 -999 -999 -999 -999 -999 -999 -999 -999 -999
-999 -999 -999 -999 -999 -999 -999 -999 38.872 25.35 5.5485 1.9005 0.39787 0.17035 0.41617 1.7445 5.2008 -999 -999 -999 -999 -999 -999 -999 -999 -999 -999 -999 -999 -999 -999
-999 -999 -999 -999 -999 -999 -999 58.621 39.228 9.5285 5.8546 1.8334 0.3343 0 0.34674 2.6753 2.8794 -999 -999 -999 -999 -999 -999 -999 -999 -999 -999 -999 -999 -999 -999
-999 -999 -999 -999 -999 -999 -999 37.323 20.314 4.5014 3.9266 2.9837 0.3765 0 0 -999 -999 -999 -999 -999 -999 -999 -999 -999 -999 -999 -999 -999 -999 -999 -999
