PC_RASTER_CASE_STUDY/rain_grids/rn_10500.asc
ncols         31
nrows         25
xllcorner     73.125000
yllcorner     13.125000
cellsize      0.25
NODATA_value  -9999
-999 23.589 40.41 18.711 1.8238 7.2503 27.766 3.093 -999 -999 -999 -999 -999 -999 -999 -999 -999 -999 -999 -999 -999 -999 -999 -999 -999 -999 -999 -999 -999 -999 -999
-999 19.847 23.04 15.226 3.3271 12.538 45.444 12.191 4.3519 -999 -999 -999 -999 -999 -999 -999 -999 -999 -999 -999 -999 -999 -999 -999 -999 -999 -999 -999 -999 -999 -999
-999 4.3482 8.4301 8.999 7.4221 10.207 14.985 8.4148 11.365 24.189 -999 -999 -999 -999 -999 -999 -999 -999 -999 -999 -999 -999 -999 -999 -999 -999 -999 -999 -999 -999 -999
29.343 34.45 21.198 19.084 8.0316 0.9583 20.736 14.206 13.815 18.583 9.5057 4.5548 -999 -999 -999 -999 -999 -999 -999 -999 -999 -999 -999 -999 -999 -999 -999 -999 -999 -999 -999
-999 35.977 55.691 26.883 1.7207 0.42089 6.0689 10.09 19.914 8.9466 5.0386 1.7179 -999 -999 -999 -999 -999 -999 -999 -999 -999 -999 -999 -999 -999 -999 -999 -999 -999 -999 -999
-999 48.563 39.796 27.218 0.88548 0.29566 0.20674 4.5509 9.7264 4.6124 2.1057 2.0318 6.8762 17.601 5.1012 -999 -999 -999 -999 -999 -999 -999 -999 -999 10.225 5.7966 1.6539 0 0.11138 -999 -999
-999 34.449 51.358 38.785 23.569 3.681 0.71579 3.5813 0.89401 0.34423 0.15049 0.4835 0 2.093 3.218 9.3772 2.9291 12.634 33.016 -999 -999 16.469 6.8967 10.539 8.2859 4.3408 1.2815 1.3881 2.3217 -999 -999
-999 -999 30.023 36.168 31.47 14.357 10.762 12.678 4.5388 3.1975 0.89588 0 0 0 6 10.479 9.7017 4.2083 5.979 9.0545 11.488 27.961 57.259 21.285 14.478 6.6402 1.1983 0.60244 3.4521 7.038 -999
-999 -999 25.647 29.515 30.538 24.601 14.039 11.532 7.8719 2.327 3.4451 0.2354 0 0 0.34098 6.5955 21.933 23.313 6.5232 15.127 13.56 20.738 31.928 25.988 14.417 7.4104 2.3455 0 3.9556 3.862 0.58174
-999 -999 18.905 19.868 26.367 34.213 3.0143 6.2273 14.213 13.66 14.182 7.8756 0 10.137 6.546 17.363 21.706 16.097 12.772 19.85 14.606 10.95 27.751 18.157 10.347 4.698 0.52899 0.62153 0.6995 1.1444 0.38319
-999 -999 18.939 7.5648 12.497 24.386 3.3738 10.608 14.382 9.1124 3.2058 7.1795 1.4227 19.857 0.49178 0.61192 5.7855 12.783 21.522 21.996 10.173 7.4525 9.4721 10.629 3.5171 1.9526 0.32792 1.5663 5.5381 8.3414 3.5766
-999 -999 0 17.502 8.2498 6.951 9.4479 22.345 12.167 25.286 11.896 4.5915 0.16798 0.54727 4.0835 4.663 1.5241 6.2486 18.757 20.269 9.5108 3.3134 12.491 7.7126 4.6537 4.8204 3.9396 1.6883 25.584 20.833 4.8943
-999 -999 3.4674 14.065 2.2401 11.483 4.5523 30.992 28.528 8.339 48.283 39.571 3.2454 2.2321 0 0.58523 13.417 6.7874 2.9341 13.623 8.2691 6.9303 17.014 17.105 5.9885 5.7453 6.7227 4.4772 10.602 7.4732 5.4832
-999 -999 -999 4.786 6.1023 3.4447 5.5051 31.4 17.153 6.5872 5.3354 12.836 29.59 8.4869 8.0679 16 3.4412 5.4111 2.1057 1.0338 1.462 12.063 19.444 14.171 4.3873 -999 -999 -999 -999 -999 8.2181
-999 -999 -999 17.416 17.683 6.1081 5.2208 12.701 12.146 7.5244 40.359 22.852 48.597 33.607 4.501 14.441 19.1 8.0897 5.1939 0.91697 0.21045 5.4445 11.116 -999 -999 -999 -999 -999 -999 -999 6.8135
-999 -999 -999 -999 -999 5.6509 5.9211 14.8 15.775 19.247 43.752 56.693 23.369 19.427 29.151 18.897 33.955 22.149 4.0604 0.30472 -999 -999 -999 -999 -999 -999 -999 -999 -999 -999 -999
-999 -999 -999 -999 -999 -999 -999 -999 8.0821 9.9563 28.854 29.044 56.561 32.375 36.087 32.66 28.919 23.182 3.3717 0.22078 -999 -999 -999 -999 -999 -999 -999 -999 -999 -999 -999
-999 -999 -999 -999 -999 -999 -999 30.575 20.913 22.285 17.29 68.722 32.483 43.801 87.721 54.127 42.343 45.498 -999 -999 -999 -999 -999 -999 -999 -999 -999 -999 -999 -999 -999
-999 -999 -999 -999 -999 -999 5.1193 2.3542 25.226 43.714 31.921 33.247 18.979 24.75 42.176 14.893 45.489 -999 -999 -999 -999 -999 -999 -999 -999 -999 -999 -999 -999 -999 -999
-999 -999 -999 -999 -999 -999 1.7839 19.104 17.712 15.073 5.972 19.438 44 48.591 42.777 29.961 24.232 -999 -999 -999 -999 -999 -999 -999 -999 -999 -999 -999 -999 -999 -999
-999 -999 -999 -999 -999 -999 2.159 26.814 8.3856 6.5998 4.5047 7.2057 13.545 32.732 13.932 52.477 21.195 -999 -999 -999 -999 -999 -999 -999 -999 -999 -999 -999 -999 -999 -999
-999 -999 -999 -999 -999 -999 -999 4.5351 35.531 3.2439 4.8285 4.6181 5.3792 3.2777 40.166 27.801 17.024 -999 -999 -999 -999 -999 -999 -999 -999 -999 -999 -999 -999 -999 -999
-999 -999 -999 -999 -999 -999 -999 -999 8.1828 11.722 3.6151 16.759 10.426 6.1325 26.2 32.005 15.435 -999 -999 -999 -999 -999 -999 -999 -999 -999 -999 -999 -999 -999 -999
-999 -999 -999 -999 -999 -999 -999 39.637 38.428 4.1263 1.8187 15.551 11.699 15.967 10.345 20.4 11.282 -999 -999 -999 -999 -999 -999 -999 -999 -999 -999 -999 -999 -999 -999
-999 -999 -999 -999 -999 -999 -999 7.3752 59.072 25.355 10.274 10.45 8.8696 16.855 20.243 -999 -999 -999 -999 -999 -999 -999 -999 -999 -999 -999 -999 -999 -999 -999 -999
