PC_RASTER_CASE_STUDY/rain_grids/rn_10499.asc
ncols         31
nrows         25
xllcorner     73.125000
yllcorner     13.125000
cellsize      0.25
NODATA_value  -9999
-999 7.1947 6.7964 9.7629 28.545 52.937 102.05 13.433 -999 -999 -999 -999 -999 -999 -999 -999 -999 -999 -999 -999 -999 -999 -999 -999 -999 -999 -999 -999 -999 -999 -999
-999 14.179 8.4099 11.891 22.311 41.615 120.94 43.141 16.687 -999 -999 -999 -999 -999 -999 -999 -999 -999 -999 -999 -999 -999 -999 -999 -999 -999 -999 -999 -999 -999 -999
-999 27.662 12.478 15.78 24.003 12.153 9.8924 43.445 15.183 9.07 -999 -999 -999 -999 -999 -999 -999 -999 -999 -999 -999 -999 -999 -999 -999 -999 -999 -999 -999 -999 -999
6.6286 10.733 33.696 25.232 16.054 16.303 3.6335 1.0937 12.781 20.374 29.992 32.878 -999 -999 -999 -999 -999 -999 -999 -999 -999 -999 -999 -999 -999 -999 -999 -999 -999 -999 -999
-999 14.065 11.729 19.989 22.241 18.67 6.1941 1.3453 25.371 5.4495 10.812 16.008 -999 -999 -999 -999 -999 -999 -999 -999 -999 -999 -999 -999 -999 -999 -999 -999 -999 -999 -999
-999 19.3 8.9171 9.1661 27.72 20.054 2.7363 1.1966 7.178 6.9775 8.8629 6.519 6.7399 3.9724 6.1402 -999 -999 -999 -999 -999 -999 -999 -999 -999 17.302 10.694 3.7646 11.22 16.813 -999 -999
-999 20.321 16.842 4.9456 10.508 6.7935 1.6186 13.332 4.9249 9.6231 1.4783 4.7673 0 1.0558 11.713 5.5544 0.18367 0 0 -999 -999 0.86616 2.277 19.975 17.251 8.0086 20.58 30.823 29.794 -999 -999
-999 -999 7.219 9.6081 13.074 8.9291 6.2896 39.426 25.723 14.909 0 4.4671 0 0 0 8.0637 5.7811 0.96332 0 0.6405 1.4248 2.2796 3.984 10.101 12.969 20.665 30.576 34.396 28.856 20.828 -999
-999 -999 5.617 7.3094 7.3892 8.4114 7.7912 27.234 24.35 1.2102 0 4.6107 2.6754 0.63627 0.74035 6.9034 3.6827 10.432 3.0321 1.2614 1.071 1.9465 1.4585 1.0436 7.1669 11.785 23.897 33.921 16.052 5.0464 4.969
-999 -999 2.5714 5.9789 4.9878 10.957 9.7754 13.609 20.44 27.801 4.07 9.334 1.3895 12.379 12.036 25.315 13.457 33.354 6.0915 0.4074 0.87769 0.94861 0.80763 0.47925 4.3695 6.3448 5.5158 13.356 7.5415 10.194 7.98
-999 -999 0.57337 4.063 5.0696 10.847 22.077 6.7245 26.332 24.904 11.494 9.0095 6.8604 16.4 12.179 31.389 4.3484 7.1205 3.1506 8.1611 18.321 16.809 3.0621 1.4062 2.7458 2.8596 2.9131 10.962 9.1599 43.341 41.619
-999 -999 0.1155 2.4066 11.31 17.487 23.969 8.5784 3.8431 2.1876 8.0587 8.8868 5.0097 14.396 24.361 13.401 9.1388 8.425 6.0617 24.643 28.027 10.694 9.0519 2.5502 2.0672 3.6298 5.5103 9.4092 11.435 67.649 33.57
-999 -999 1.0874 5.7939 2.6362 6.6513 14.366 22.905 8.4347 9.7373 10.109 8.5993 7.0407 24.34 44.214 45.077 12.603 7.2204 4.1165 24.124 18.221 11.29 1.616 0.84024 2.3405 4.9085 6.0598 7.9698 9.4394 9.4233 6.8428
-999 -999 -999 9.0153 1.5211 12.464 8.5545 47.2 18.025 23.142 22.08 15.63 20.23 32.477 46.549 6 5.1762 1.0312 0 0.65105 3.0564 7.6845 0.21794 0.67858 0.87061 -999 -999 -999 -999 -999 42.869
-999 -999 -999 3.4661 11.795 2.6524 14.623 30.34 29.278 18.26 5.174 0 3.2999 6.7364 7.2418 5.7464 5.5132 0.43641 0 0 0.24071 0.22744 0.42101 -999 -999 -999 -999 -999 -999 -999 30.912
-999 -999 -999 -999 -999 7.3448 7.271 48 5.3928 18.382 4.0705 0 5.6489 5.9307 28.721 11.735 9.7998 9.8743 5.109 3.1976 -999 -999 -999 -999 -999 -999 -999 -999 -999 -999 -999
-999 -999 -999 -999 -999 -999 -999 -999 8.4678 62.321 0.67696 0 2.4581 8.3421 24.961 8.571 9.8495 10.795 6.8498 7.1229 -999 -999 -999 -999 -999 -999 -999 -999 -999 -999 -999
-999 -999 -999 -999 -999 -999 -999 8.9996 13.314 36.826 3.7053 0.1526 2.98 10.272 28.514 10.458 5.0027 2.5986 -999 -999 -999 -999 -999 -999 -999 -999 -999 -999 -999 -999 -999
-999 -999 -999 -999 -999 -999 2.5958 7.5511 34.197 19.427 8.8742 2.7622 0 32.071 39.675 12.317 0.82546 -999 -999 -999 -999 -999 -999 -999 -999 -999 -999 -999 -999 -999 -999
-999 -999 -999 -999 -999 -999 0.29261 10.316 3.9566 6.3565 13.802 10.52 28.489 24.992 17.341 4.8897 0.15302 -999 -999 -999 -999 -999 -999 -999 -999 -999 -999 -999 -999 -999 -999
-999 -999 -999 -999 -999 -999 7.3476 2.0458 12.156 0.80608 10.226 10.128 58.363 4.9411 0.51898 0 0.22923 -999 -999 -999 -999 -999 -999 -999 -999 -999 -999 -999 -999 -999 -999
-999 -999 -999 -999 -999 -999 -999 2.1863 23.565 6.0682 1.2136 12.949 12.482 23.881 0.51809 0.98486 0.26719 -999 -999 -999 -999 -999 -999 -999 -999 -999 -999 -999 -999 -999 -999
-999 -999 -999 -999 -999 -999 -999 -999 9.9235 2.5694 6.0935 19.718 10.178 13.575 9.2 7.928 0.90891 -999 -999 -999 -999 -999 -999 -999 -999 -999 -999 -999 -999 -999 -999
-999 -999 -999 -999 -999 -999 -999 29.318 4.6718 2.611 2.3434 49.583 18.751 8.055 4.0704 5.4 8.8976 -999 -999 -999 -999 -999 -999 -999 -999 -999 -999 -999 -999 -999 -999
-999 -999 -999 -999 -999 -999 -999 2.3157 0.60519 3.6481 3.6151 41.261 6.2581 14.276 9.0851 -999 -999 -999 -999 -999 -999 -999 -999 -999 -999 -999 -999 -999 -999 -999 -999
