PC_RASTER_CASE_STUDY/rain_grids/rn_12264.asc
ncols         31
nrows         25
xllcorner     73.125000
yllcorner     13.125000
cellsize      0.25
NODATA_value  -9999
-999 49.731 9.5573 5.6715 1.9992 3.6652 7.6856 13.438 -999 -999 -999 -999 -999 -999 -999 -999 -999 -999 -999 -999 -999 -999 -999 -999 -999 -999 -999 -999 -999 -999 -999
-999 76.536 33.589 2.418 0.70988 3.8336 9.7192 12.377 18.246 -999 -999 -999 -999 -999 -999 -999 -999 -999 -999 -999 -999 -999 -999 -999 -999 -999 -999 -999 -999 -999 -999
-999 80.811 81.568 8.2105 5.5575 12.63 14.614 20.206 22.553 16.866 -999 -999 -999 -999 -999 -999 -999 -999 -999 -999 -999 -999 -999 -999 -999 -999 -999 -999 -999 -999 -999
98.667 81.742 54.595 6.1099 8.4231 13.463 16.136 22.039 25.692 18.854 13.112 19.097 -999 -999 -999 -999 -999 -999 -999 -999 -999 -999 -999 -999 -999 -999 -999 -999 -999 -999 -999
-999 73.203 22.721 6.2936 8.1235 10.048 14.104 21.349 40.237 32.248 31.725 40.784 -999 -999 -999 -999 -999 -999 -999 -999 -999 -999 -999 -999 -999 -999 -999 -999 -999 -999 -999
-999 82.279 14.732 6.6055 6.0683 6.3186 8.306 8.8992 21.664 20.455 50.556 61.232 36.598 25.051 27.718 -999 -999 -999 -999 -999 -999 -999 -999 -999 16.965 28.559 21.443 10.41 11.951 -999 -999
-999 58.324 7.2759 11.521 6.8253 5.1942 8.5234 10.278 17.527 24.829 29.924 43.362 17.339 19.932 51.356 39.717 30.287 35.358 56.039 -999 -999 17.794 32.067 26.809 25.302 23.172 18.682 9.1802 8.6942 -999 -999
-999 -999 5.3492 9.0714 7.04 5.5803 1.201 4.9062 12.388 17.931 30.539 33.998 14.683 13.247 33.6 23.591 24.639 26.459 19.329 13.021 14.091 9.275 8.5484 14.836 5.5911 6.5632 2.4613 4.031 7.7134 8.6864 -999
-999 -999 3.9094 3.9481 2.9358 2.3134 0.81159 4.8589 8.4413 14.911 33.859 42.859 31.801 19.881 13.712 21.072 32.92 41.577 17.377 26.976 13.525 11.006 3.8095 2.7692 0.90777 0.54561 0.17891 0.30715 9.57 14.279 3.3923
-999 -999 13.173 3.5359 1.652 1.9942 1.9015 6.456 7.4079 8.8771 22.092 38.833 22.805 17.691 29.444 25.817 11.974 26.889 32.891 29.877 22.732 17.423 2.3998 0.49695 1.4166 1.0987 0.14967 1.9303 4.4469 3.7619 0.31991
-999 -999 27.748 9.0127 2.9643 0.23712 0.92255 6.7162 6.7642 5.9805 8.6016 15.553 15.832 12.71 7.1957 31.394 27.444 22.524 24.016 20.076 9.9489 3.569 0.80779 5.1801 6.9907 5.0631 0.90809 0.80928 3.4395 2.1083 0.7035
-999 -999 80.452 22.123 4.1892 1.5792 0.23051 7.6374 15.342 13.208 9.801 8.1659 8.0413 10.007 27.479 34.724 16.898 16.362 20.594 7.0494 0.60845 0.54782 1.204 5.8437 10.739 9.6135 2.7984 1.0599 5.3796 5.7797 0.82237
-999 -999 61.333 16.811 13.036 4.3487 0.20487 3.4568 7.4982 11.812 8.3341 8.2732 5.2129 7.4993 19.962 31.83 16.498 23.891 13.865 4.1977 1.5983 0.69712 1.5492 4.2741 8.4967 5.9969 0.62248 0 0.19833 0.79244 4.0256
-999 -999 -999 14.495 17.493 3.7052 0.87352 0.67925 0.89107 3.926 7.6378 7.6066 18.856 4.7579 3.9361 34 40.317 29.241 15.188 12.491 9.9097 1.5694 2.807 2.8338 3.3532 -999 -999 -999 -999 -999 1.547
-999 -999 -999 33.415 93.282 10.006 1.7852 0.79834 0.76307 3.7174 3.1881 2.2971 4.3042 10.108 4.6944 17.165 35.814 27.17 20.674 12.964 9.9765 7.9938 5.9488 -999 -999 -999 -999 -999 -999 -999 2.6096
-999 -999 -999 -999 -999 20.088 6.1624 0.57596 0.65746 1.3052 0.71278 0 0 7.636 6.9006 13.413 20.42 20.423 10.87 9.1872 -999 -999 -999 -999 -999 -999 -999 -999 -999 -999 -999
-999 -999 -999 -999 -999 -999 -999 -999 1.8977 0.22945 0 0.3208 2.3102 3.4313 4.3908 7.1897 6.161 5.3664 8.3731 8.3046 -999 -999 -999 -999 -999 -999 -999 -999 -999 -999 -999
-999 -999 -999 -999 -999 -999 -999 6.9343 0.87394 3.8576 0.97276 0.35351 0.87804 9.0872 10.769 4.5489 4.9363 3.1818 -999 -999 -999 -999 -999 -999 -999 -999 -999 -999 -999 -999 -999
-999 -999 -999 -999 -999 -999 26.985 5.9726 2.2894 4.7116 5.6131 2.0367 1.1809 7.5315 9.4531 2.4272 1.7669 -999 -999 -999 -999 -999 -999 -999 -999 -999 -999 -999 -999 -999 -999
-999 -999 -999 -999 -999 -999 31.519 5.5589 4.4501 8.7658 6.1812 12.054 3.6046 0.34924 0.90073 0.23556 1.4383 -999 -999 -999 -999 -999 -999 -999 -999 -999 -999 -999 -999 -999 -999
-999 -999 -999 -999 -999 -999 69.262 23.165 12.744 4.4595 16.142 11.866 1.7837 0.19695 1.1753 0 1.1358 -999 -999 -999 -999 -999 -999 -999 -999 -999 -999 -999 -999 -999 -999
-999 -999 -999 -999 -999 -999 -999 8.4033 14.355 15.375 16.766 11.856 21.2 2.5631 0.61999 0 0 -999 -999 -999 -999 -999 -999 -999 -999 -999 -999 -999 -999 -999 -999
-999 -999 -999 -999 -999 -999 -999 -999 52.914 17.597 5.8672 5.4437 9.3029 0 4.2 2.6734 0.11847 -999 -999 -999 -999 -999 -999 -999 -999 -999 -999 -999 -999 -999 -999
-999 -999 -999 -999 -999 -999 -999 137.83 44.394 51.367 0.37466 1.5388 0.76795 0 1.3554 5.8376 0 -999 -999 -999 -999 -999 -999 -999 -999 -999 -999 -999 -999 -999 -999
-999 -999 -999 -999 -999 -999 -999 23.992 30.226 68.869 6.4976 0.29835 0 9.4771 1.5761 -999 -999 -999 -999 -999 -999 -999 -999 -999 -999 -999 -999 -999 -999 -999 -999
