PC_RASTER_CASE_STUDY/rain_grids/rn_13737.asc
ncols         31
nrows         25
xllcorner     73.125000
yllcorner     13.125000
cellsize      0.25
NODATA_value  -9999
-999 84.578 13.589 2.1746 2.5334 0.74229 0.78844 0 -999 -999 -999 -999 -999 -999 -999 -999 -999 -999 -999 -999 -999 -999 -999 -999 -999 -999 -999 -999 -999 -999 -999
-999 163.37 83.85 3.0729 3.7015 2.8719 0.97542 0.29792 0.12321 -999 -999 -999 -999 -999 -999 -999 -999 -999 -999 -999 -999 -999 -999 -999 -999 -999 -999 -999 -999 -999 -999
-999 160.42 141.02 4.5869 3.5787 3.7183 2.6885 0 0 0.87666 -999 -999 -999 -999 -999 -999 -999 -999 -999 -999 -999 -999 -999 -999 -999 -999 -999 -999 -999 -999 -999
92.969 138.3 102.37 9.9351 3.925 3.7454 2.8819 0.31348 0.54814 1.8181 0.74451 0.60073 -999 -999 -999 -999 -999 -999 -999 -999 -999 -999 -999 -999 -999 -999 -999 -999 -999 -999 -999
-999 275.25 106.13 20.266 6.0228 6.5183 1.1115 0.43288 1.7259 1.6147 2.3695 3.4903 -999 -999 -999 -999 -999 -999 -999 -999 -999 -999 -999 -999 -999 -999 -999 -999 -999 -999 -999
-999 359.3 76.678 15.195 1.7038 9.0692 7.3251 0.42196 1.3872 1.3086 4.5287 5.9561 13.266 20.099 25.844 -999 -999 -999 -999 -999 -999 -999 -999 -999 47.095 47.078 56.072 65.766 68.321 -999 -999
-999 268.02 93.758 35.947 11.828 29.843 12.098 0.67752 1.4618 1.3458 1.6348 2.7274 6.6548 18.666 51.567 76.361 98.561 61.717 50.416 -999 -999 109.22 95.324 56.522 52.855 53.975 71.275 85.8 72.595 -999 -999
-999 -999 85.333 52.045 15.887 20.407 9.1431 1.0169 3.1785 5.3401 4.9915 0.90636 0.85857 14.806 41.8 27.375 80.071 79.77 68.078 92.499 102.02 102.42 87.129 72.101 62.92 81.675 100.99 104.6 68.943 60.504 -999
-999 -999 98.357 92.355 66.731 13.513 6.9333 3.8637 4.2003 6.4366 7.2979 5.8476 1.4671 2.6371 2.4286 36.103 65.072 73.446 65.007 81.351 96.757 93.971 81.086 69.64 69.011 94.235 116.87 123.72 92.823 73.964 54.644
-999 -999 88.286 76.035 59.689 17.995 12.731 9.7504 4.3751 0.62011 7.1561 17.261 6.1152 3.8491 40.522 32.558 24.266 25.543 42.121 55.078 73.683 78.448 70.77 70.705 66.956 63.916 107.14 109.99 102.19 84.639 71.857
-999 -999 151.81 66.36 45.445 25.669 15.646 5.7547 0.91797 5.418 1.9883 16.113 9.5557 5.9531 3.577 16.616 15.212 26.966 39.238 41.82 54.556 67.726 55.546 55.795 36.726 36.698 83.911 104.53 99.388 75.968 70.981
-999 -999 349.72 118.87 25.255 21.245 10.23 5.3622 4.5369 7.9094 6.4476 1.4942 1.9769 2.9825 4.4894 14.937 4.929 1.3699 29.948 32.498 32.358 43.541 40.3 35.669 21.633 24.195 55.703 88.122 86.979 70.984 67.174
-999 -999 170.28 80.35 53.402 23.752 33.464 11.889 1.3295 6.5678 9.2474 6.0239 3.525 6.2217 4.6905 6.0629 3.3715 1.08 8.2273 18.666 24.665 25.408 37.316 33.541 26.064 23.371 48.158 68.175 64.942 59.32 47.905
-999 -999 -999 91.174 80.198 43.03 31.602 13 9.7619 9.1962 8.1158 5.8763 7.5393 3.0798 5.3518 9 4.7716 2.586 11.205 14.511 20.021 21.079 22.609 20.357 18.529 -999 -999 -999 -999 -999 46.529
-999 -999 -999 156.8 115.44 56.901 20.4 27.243 10.47 14.557 7.5269 3.9423 9.5612 5.7203 5.4659 4.4256 2.6759 6.1168 12.873 14.7 23.045 22.734 23.211 -999 -999 -999 -999 -999 -999 -999 46.598
-999 -999 -999 -999 -999 64.945 38.389 10 12.875 7.9557 7.1125 4.0482 0.56053 5.3502 8.3976 7.1061 4.1345 7.8109 16.141 21.671 -999 -999 -999 -999 -999 -999 -999 -999 -999 -999 -999
-999 -999 -999 -999 -999 -999 -999 -999 13.212 8.1919 0.34528 3.3451 1.5411 2.1069 0.54293 3.3707 3.4397 2.7509 16.458 20.422 -999 -999 -999 -999 -999 -999 -999 -999 -999 -999 -999
-999 -999 -999 -999 -999 -999 -999 44.554 9.9732 54.533 6.738 6.231 5.276 6.3757 1.896 4.4372 3.0571 1.8902 -999 -999 -999 -999 -999 -999 -999 -999 -999 -999 -999 -999 -999
-999 -999 -999 -999 -999 -999 98.57 42.385 20.554 10.26 6.8401 4.7255 5.1137 0.55982 1.5774 3.6001 1.934 -999 -999 -999 -999 -999 -999 -999 -999 -999 -999 -999 -999 -999 -999
-999 -999 -999 -999 -999 -999 107.74 39.753 23.335 16.947 19.663 8.3349 6.5164 0 0.33951 0 0.66294 -999 -999 -999 -999 -999 -999 -999 -999 -999 -999 -999 -999 -999 -999
-999 -999 -999 -999 -999 -999 90.075 36.578 37.136 14.076 56.613 2.9397 2.3351 2.7135 0 0 0 -999 -999 -999 -999 -999 -999 -999 -999 -999 -999 -999 -999 -999 -999
-999 -999 -999 -999 -999 -999 -999 101.24 21.51 8.98 10.873 2.6979 8.3445 2.5184 0.52758 0 0 -999 -999 -999 -999 -999 -999 -999 -999 -999 -999 -999 -999 -999 -999
-999 -999 -999 -999 -999 -999 -999 -999 95.117 48.385 22.083 3.7896 1.9993 2.3282 0 0 0 -999 -999 -999 -999 -999 -999 -999 -999 -999 -999 -999 -999 -999 -999
-999 -999 -999 -999 -999 -999 -999 50.851 103.96 72.22 14.196 8.7254 0.7168 0 0 0 0 -999 -999 -999 -999 -999 -999 -999 -999 -999 -999 -999 -999 -999 -999
-999 -999 -999 -999 -999 -999 -999 64.679 82.227 63.329 12.821 7.0639 0 10.618 0 -999 -999 -999 -999 -999 -999 -999 -999 -999 -999 -999 -999 -999 -999 -999 -999
