PC_RASTER_CASE_STUDY/rain_grids/rn_11229.asc
ncols         31
nrows         25
xllcorner     73.125000
yllcorner     13.125000
cellsize      0.25
NODATA_value  -9999
-999 0 0 0 0 0.53193 2.6774 0.30323 -999 -999 -999 -999 -999 -999 -999 -999 -999 -999 -999 -999 -999 -999 -999 -999 -999 -999 -999 -999 -999 -999 -999
-999 0 0.45194 1.5015 0.32934 1.0878 4.1874 1.3152 0 -999 -999 -999 -999 -999 -999 -999 -999 -999 -999 -999 -999 -999 -999 -999 -999 -999 -999 -999 -999 -999 -999
-999 0.24632 6.6657 4.5967 0.85126 0.16919 0.39547 0 0 0 -999 -999 -999 -999 -999 -999 -999 -999 -999 -999 -999 -999 -999 -999 -999 -999 -999 -999 -999 -999 -999
0 2.2531 20.355 5.9112 0.30286 0 0 0 0 0 2.8297 5.714 -999 -999 -999 -999 -999 -999 -999 -999 -999 -999 -999 -999 -999 -999 -999 -999 -999 -999 -999
-999 4.6543 3.6638 3.7699 0.24794 0.1968 5.3566 5.3365 0.59957 0.69591 0 3.3046 -999 -999 -999 -999 -999 -999 -999 -999 -999 -999 -999 -999 -999 -999 -999 -999 -999 -999 -999
-999 6.343 3.6711 2.046 0.14631 0.40507 3.6524 6.2606 7.3636 10.507 6.0469 8.4212 4.2299 19.884 40.033 -999 -999 -999 -999 -999 -999 -999 -999 -999 23.145 23.171 16.031 2.0507 2.1956 -999 -999
-999 7.4581 3.3287 1.8246 0.62933 0.49413 2.0108 10.596 12.316 17.486 32.943 24.768 17.931 8.7911 11.372 13.426 0 0.75148 0 -999 -999 19.898 29.284 24.062 26.104 26.685 9.8619 1.63 0.95213 -999 -999
-999 -999 3.2087 3.1155 10.589 6.6572 18.225 23.997 25.481 33.142 35.506 34.142 22.218 13.435 37.012 26.794 21.515 4.6576 12.487 16.933 15.336 14.067 8.2892 12.798 10.949 11.896 9.9822 0.77374 1.0557 0.96454 -999
-999 -999 24.313 29.634 44.774 27.352 23.82 35.428 40.679 39.94 34.552 26.127 30.863 25.155 16.659 23.655 16.406 13.397 16.294 6.1377 13.771 13.073 3.9003 1.8443 10.601 16.044 7.1228 0.21156 1.9303 3.4035 0.64298
-999 -999 32.54 46.759 53.747 26.409 31.841 42.686 42.101 11.034 11.453 28.099 34.879 31.326 42.111 16.912 14.487 23.102 11.602 0.57475 6.353 8.169 6.3652 8.432 14.321 20.741 24.769 1.7391 0.32952 0.84614 0
-999 -999 33.843 18.264 19.319 31.324 23.888 15.31 26.35 44.718 58.721 27.569 27.575 22.326 31.886 35.322 18.05 10.511 7.1805 8.0905 21.687 31.1 17.133 21.378 28.041 28.394 22.443 2.4807 0.61516 1.0626 0.31355
-999 -999 30.06 26.655 39.898 41.153 19.175 21.679 17.903 28.988 42.466 24.228 33.625 24.147 47.884 81.568 25.34 22.835 8.2181 21.752 37.002 36.239 40.049 36.435 37.977 36.312 26.756 8.5695 8.5651 3.7096 11.049
-999 -999 16.685 14.922 36.679 42.868 29.502 14.657 17.71 14.135 14.409 16.71 57.889 19.541 32.655 162.91 29.967 28.86 37.269 33.374 34.336 36.001 40.501 37.649 34.129 27.804 22.924 17.967 1.2053 8.3988 3.8381
-999 -999 -999 27.736 19.805 32.892 39.37 24.2 24.296 4.1152 9.2563 24.369 28.663 23.24 15.54 16 19.474 18.94 40.806 51.751 44.716 39.232 37.278 36.696 16.047 -999 -999 -999 -999 -999 12.104
-999 -999 -999 16.896 10.885 64.854 31.116 25.42 17.693 9.2226 22.659 8.4771 40.775 16.998 22.591 7.6654 17.862 16.743 26.97 43.604 28.809 28.595 22.711 -999 -999 -999 -999 -999 -999 -999 9.4127
-999 -999 -999 -999 -999 22.108 13.947 10.6 4.1022 9.7324 21.896 33.898 32.802 11.148 23.074 4.3092 10.179 17.01 18.192 23.885 -999 -999 -999 -999 -999 -999 -999 -999 -999 -999 -999
-999 -999 -999 -999 -999 -999 -999 -999 14.003 17.959 60.15 18.389 22.749 13.168 15.454 39.628 16.552 9.9369 14.75 19.958 -999 -999 -999 -999 -999 -999 -999 -999 -999 -999 -999
-999 -999 -999 -999 -999 -999 -999 9.3581 55.011 36.607 23.145 20.136 23.388 28.084 16.818 36.879 15.625 12.874 -999 -999 -999 -999 -999 -999 -999 -999 -999 -999 -999 -999 -999
-999 -999 -999 -999 -999 -999 17.043 8.7437 7.2431 7.7218 37.199 40.997 19.101 13.618 15.668 43.71 59.835 -999 -999 -999 -999 -999 -999 -999 -999 -999 -999 -999 -999 -999 -999
-999 -999 -999 -999 -999 -999 13.164 13.037 4.3456 20.919 24.528 16.009 17.923 18.142 24.148 51.873 88.302 -999 -999 -999 -999 -999 -999 -999 -999 -999 -999 -999 -999 -999 -999
-999 -999 -999 -999 -999 -999 18.182 11.623 7.5119 5.5517 10.222 15.119 10.039 24.058 10.57 19.798 6.1767 -999 -999 -999 -999 -999 -999 -999 -999 -999 -999 -999 -999 -999 -999
-999 -999 -999 -999 -999 -999 -999 9.1768 0.98487 0 4.3953 17.533 4.7557 7.033 10.168 6.5629 7.4144 -999 -999 -999 -999 -999 -999 -999 -999 -999 -999 -999 -999 -999 -999
-999 -999 -999 -999 -999 -999 -999 -999 1.2096 1.7416 0.54267 11.845 2.6545 1.8988 4.5 5.545 4.209 -999 -999 -999 -999 -999 -999 -999 -999 -999 -999 -999 -999 -999 -999
-999 -999 -999 -999 -999 -999 -999 3.9818 2.1506 3.2394 0 0 2.1319 3.0361 0 0 2.0869 -999 -999 -999 -999 -999 -999 -999 -999 -999 -999 -999 -999 -999 -999
-999 -999 -999 -999 -999 -999 -999 11.501 5.1675 3.3923 0.21538 2.08 9.0404 14.509 5.6418 -999 -999 -999 -999 -999 -999 -999 -999 -999 -999 -999 -999 -999 -999 -999 -999
