PC_RASTER_CASE_STUDY/rain_grids/rn_13411.asc
ncols         31
nrows         25
xllcorner     73.125000
yllcorner     13.125000
cellsize      0.25
NODATA_value  -9999
-999 88.659 107.88 87.367 35.933 38.258 36.464 40.531 -999 -999 -999 -999 -999 -999 -999 -999 -999 -999 -999 -999 -999 -999 -999 -999 -999 -999 -999 -999 -999 -999 -999
-999 63.886 74.69 43.746 15.235 23.01 36.52 37.992 42.103 -999 -999 -999 -999 -999 -999 -999 -999 -999 -999 -999 -999 -999 -999 -999 -999 -999 -999 -999 -999 -999 -999
-999 84.115 82.979 45.641 27.294 46.696 47.583 42.785 47.148 33.512 -999 -999 -999 -999 -999 -999 -999 -999 -999 -999 -999 -999 -999 -999 -999 -999 -999 -999 -999 -999 -999
121.7 91.8 104.62 69.466 46.956 50.551 48.733 39.618 48.997 28.543 30.94 40.563 -999 -999 -999 -999 -999 -999 -999 -999 -999 -999 -999 -999 -999 -999 -999 -999 -999 -999 -999
-999 69.182 85.834 91.871 73.35 53.454 36.172 41.52 83.038 62.218 42.615 36.784 -999 -999 -999 -999 -999 -999 -999 -999 -999 -999 -999 -999 -999 -999 -999 -999 -999 -999 -999
-999 61.8 81.365 106.69 59.505 51.893 29.584 28.992 58.293 52.644 35.051 25.86 19.953 14.033 13.284 -999 -999 -999 -999 -999 -999 -999 -999 -999 15.04 14.982 11.111 3.5539 0.40196 -999 -999
-999 41.417 24.834 47.43 35.901 44.769 30.808 28.07 29.187 49.284 33.927 24.275 19.733 15.798 11.106 22.248 16.752 24.379 49.777 -999 -999 16.617 18.211 19.445 16.784 15.043 8.488 1.9525 0 -999 -999
-999 -999 32.189 31.678 30.333 35.169 22.453 38.95 19.364 12.676 29.012 19.43 22.19 12.189 5.7098 8.324 5.9398 15.279 26.279 17.539 7.4333 13.439 23.01 28.934 22.968 15.117 4.5849 3.6786 1.5194 0.15403 -999
-999 -999 39.997 77.784 58.576 26.709 21.933 35.311 29.184 11.226 14.713 39.104 35.219 17.708 2.2226 5.9169 9.4962 14.2 13.813 10.056 7.7779 14.905 36.007 43.59 41.444 24.38 8.0762 0.41104 4.4 4.4832 2.8625
-999 -999 54.188 45.869 39.794 29.769 37.912 32.552 24.751 25.1 24.948 42.771 34.158 22.711 10.466 6.8669 7.6556 7.4064 4.0997 4.6172 9.6 25.349 42.353 47.828 46.822 36.381 21.699 24.174 22.947 20.902 16.778
-999 -999 59.732 60.328 31.97 38.099 35.16 28.055 11.281 12.516 23.504 30.911 36.837 37.592 9.7053 6.29 5.4063 3.107 2.1655 2.327 8.1756 24.957 43.51 46.698 44.805 38.482 32.117 39.628 35.686 22.159 20.626
-999 -999 77.175 32.175 39.138 25.299 19.829 35.169 29.082 46.5 12.616 35.226 25.475 16.311 15.899 24.511 8.1459 4.5051 2.7184 3.2607 4.2008 22.12 42.602 47.355 44.658 38.832 31.716 36.102 32.938 19.872 18.191
-999 -999 38.171 24.086 30.215 54.108 16.244 32.427 48.681 30.182 23.615 23.423 15.705 42.108 32.823 44.093 12.876 3.155 8.2811 8.5406 8.0853 11.832 34.731 42.907 40.391 30.097 30.895 32.79 32.609 21.121 12.758
-999 -999 -999 26.626 35.036 44.038 36.654 59 108.2 73.046 17.638 38.664 16.365 14.962 42.975 12 3.7881 4.6628 11.427 12.414 11.392 11.727 13.676 18.624 19.891 -999 -999 -999 -999 -999 14.861
-999 -999 -999 35.996 19.887 34.592 73.469 76.72 88.359 43.929 67.638 3.4055 23.562 36.544 60.33 17.454 8.6558 9.4845 12.291 12.898 11.242 11.238 11.375 -999 -999 -999 -999 -999 -999 -999 18.449
-999 -999 -999 -999 -999 51.303 45.107 24.2 81.011 82.639 50.106 28.756 29.074 23.319 40.752 34.892 17.947 10.705 11.582 11.417 -999 -999 -999 -999 -999 -999 -999 -999 -999 -999 -999
-999 -999 -999 -999 -999 -999 -999 -999 46.656 65.75 30.536 27.273 26.889 23.693 11.705 14.867 14.282 17.16 13.334 12.288 -999 -999 -999 -999 -999 -999 -999 -999 -999 -999 -999
-999 -999 -999 -999 -999 -999 -999 20.84 30.218 7.6116 43.02 23.322 9.8071 13.924 4.3766 11.789 16.488 19.132 -999 -999 -999 -999 -999 -999 -999 -999 -999 -999 -999 -999 -999
-999 -999 -999 -999 -999 -999 7.7765 12.452 14.174 8.4395 6.9904 7.0618 3.0384 5.8731 11.382 8.2556 18.323 -999 -999 -999 -999 -999 -999 -999 -999 -999 -999 -999 -999 -999 -999
-999 -999 -999 -999 -999 -999 11.192 8.5768 10.34 18.25 10.467 5.8175 10.096 13.691 14.632 8.2414 14.681 -999 -999 -999 -999 -999 -999 -999 -999 -999 -999 -999 -999 -999 -999
-999 -999 -999 -999 -999 -999 2.5239 9.1745 6.8458 9.1697 6.2744 8.7129 5.3774 3.9034 11.807 7.8289 1.6176 -999 -999 -999 -999 -999 -999 -999 -999 -999 -999 -999 -999 -999 -999
-999 -999 -999 -999 -999 -999 -999 1.7942 11.651 33.121 16.145 4.4873 5.3041 4.9004 5.8546 6.5745 3.3316 -999 -999 -999 -999 -999 -999 -999 -999 -999 -999 -999 -999 -999 -999
-999 -999 -999 -999 -999 -999 -999 -999 1.9035 9.5007 1.6461 2.1112 0.29574 1.4342 3.6 1.251 0 -999 -999 -999 -999 -999 -999 -999 -999 -999 -999 -999 -999 -999 -999
-999 -999 -999 -999 -999 -999 -999 1.0306 1.1853 3.2055 2.5924 0.11092 0 1.6878 7.0665 2 0 -999 -999 -999 -999 -999 -999 -999 -999 -999 -999 -999 -999 -999 -999
-999 -999 -999 -999 -999 -999 -999 1.7785 0.6205 1.4682 0.22915 0.46885 0 0 0 -999 -999 -999 -999 -999 -999 -999 -999 -999 -999 -999 -999 -999 -999 -999 -999
