PC_RASTER_CASE_STUDY/rain_grids/rn_12706.asc
ncols         31
nrows         25
xllcorner     73.125000
yllcorner     13.125000
cellsize      0.25
NODATA_value  -9999
-999 0 0 0 0 0 0 0 -999 -999 -999 -999 -999 -999 -999 -999 -999 -999 -999 -999 -999 -999 -999 -999 -999 -999 -999 -999 -999 -999 -999
-999 0.3996 1.6955 9.26 12.367 12.4 8.1936 3.3806 0.22873 -999 -999 -999 -999 -999 -999 -999 -999 -999 -999 -999 -999 -999 -999 -999 -999 -999 -999 -999 -999 -999 -999
-999 4.2773 8.891 11.278 11.59 11.31 12.181 5.1 5.0998 4.5598 -999 -999 -999 -999 -999 -999 -999 -999 -999 -999 -999 -999 -999 -999 -999 -999 -999 -999 -999 -999 -999
3.2813 7.9717 9.7068 9.6513 8.8493 7.4319 3.1631 5.0997 5.1 5.0948 4.9842 4.4956 -999 -999 -999 -999 -999 -999 -999 -999 -999 -999 -999 -999 -999 -999 -999 -999 -999 -999 -999
-999 9.0683 9.2025 7.9712 6.6178 6.1715 2.6968 5.0534 5.1 5.1 5.0983 5.0743 -999 -999 -999 -999 -999 -999 -999 -999 -999 -999 -999 -999 -999 -999 -999 -999 -999 -999 -999
-999 11.764 10.097 6.6241 5.4422 4.6335 3.4404 5.1717 5.1025 5.1 5.1 5.0999 5.0932 5.2383 10.217 -999 -999 -999 -999 -999 -999 -999 -999 -999 17.814 16.937 14.176 11.41 10.605 -999 -999
-999 9.8649 7.0448 2.5926 4.4927 6.8504 8.9305 6.3803 5.1971 5.1007 5.1 5.1 5.1042 5.5615 12.597 15.692 15.014 10.514 16.779 -999 -999 20.792 20.046 20.845 17.85 16.07 21.92 15.405 11.158 -999 -999
-999 -999 1.3846 0.29392 7.0196 13.008 17.361 10.111 5.6319 5.1159 5.1 5.1 5.1245 6.324 14.792 16.36 15.929 15.315 15.375 15.973 18.464 20.865 26.772 30.467 35.614 36.208 34.922 27.819 16.701 12.31 -999
-999 -999 7.4327 8.275 15.905 22.639 22.489 19.957 7.1935 5.2632 5.1031 5.1 5.1894 7.95 16.702 16.925 15.331 14.292 15.852 19.378 18.547 19.56 35.596 40.554 45.766 44.589 37.99 35.415 22.238 16.186 31.442
-999 -999 16.438 26.642 28.38 26.332 26.458 25.622 16.331 5.9791 5.1332 5.1 5.4278 13.448 17.419 17.768 18.573 21.649 22.79 20.204 19.578 22.07 41.32 43.162 43.178 39.613 29.116 47.689 53.096 44.447 38.995
-999 -999 25.57 35.602 34.507 26.275 27.699 27.887 22.452 8.8921 5.2642 5.1042 7.3958 23.292 20.964 19.255 19.533 23.63 23.242 27.126 38.746 41.491 40.015 38.518 24.114 26.531 32.44 42.376 52.96 59.934 59.585
-999 -999 25.394 34.155 33.012 29.977 29.097 28.607 26.773 20.149 5.741 7.615 31.095 37.594 37.138 39.029 25.374 25.582 26.977 41.799 51.185 40.036 44.603 30.182 6.8465 9.3174 34.951 47.693 56.561 57.153 67.392
-999 -999 27.033 32.179 30.999 29.471 29.44 28.147 26.721 25.749 21.76 33.607 35.303 37.479 40.953 44.992 56.309 58.722 44.49 46.941 43.592 40.744 48.962 47.182 26.74 24.726 45.682 49.056 55.053 73.923 68.467
-999 -999 -999 29.312 32.987 23.577 24.174 25.242 25.334 25.8 34.965 32.9 34.703 36.538 38.036 39.683 47.195 75.265 71.613 59.773 58.617 45.844 54.333 55.872 71.296 -999 -999 -999 -999 -999 64.748
-999 -999 -999 25.196 30.517 33.762 32.675 29.616 25.584 32.679 32.671 30.885 33.098 34.827 36.327 34.39 55.656 75.367 83.533 70.271 46.721 43.706 68.284 -999 -999 -999 -999 -999 -999 -999 57.466
-999 -999 -999 -999 -999 37.164 36.852 35.523 32.898 46.661 18.427 23.774 24.684 25.666 30.391 28.054 33.965 65.969 65.503 59.49 -999 -999 -999 -999 -999 -999 -999 -999 -999 -999 -999
-999 -999 -999 -999 -999 -999 -999 -999 39.906 47.4 8.6223 10.629 12.209 12.75 16.323 19.258 20.803 41.87 58.578 49.387 -999 -999 -999 -999 -999 -999 -999 -999 -999 -999 -999
-999 -999 -999 -999 -999 -999 -999 43.613 45.211 41.401 8.5596 8.9858 9.8232 10.086 10.237 12.402 21.178 33.087 -999 -999 -999 -999 -999 -999 -999 -999 -999 -999 -999 -999 -999
-999 -999 -999 -999 -999 -999 42.741 45.248 47.563 8.5538 8.5509 8.6808 9.0949 9.4228 9.0601 8.6791 9.671 -999 -999 -999 -999 -999 -999 -999 -999 -999 -999 -999 -999 -999 -999
-999 -999 -999 -999 -999 -999 47.508 48.032 47.4 8.5066 8.5451 9.4377 10.626 11.224 10.51 9.2248 11.713 -999 -999 -999 -999 -999 -999 -999 -999 -999 -999 -999 -999 -999 -999
-999 -999 -999 -999 -999 -999 48.327 47.57 43.518 22.909 9.0535 13.678 16.565 20.722 23.685 26.381 20.121 -999 -999 -999 -999 -999 -999 -999 -999 -999 -999 -999 -999 -999 -999
-999 -999 -999 -999 -999 -999 -999 44.278 35.586 30.558 24.314 29.138 30.089 31.965 35.226 42.517 36.593 -999 -999 -999 -999 -999 -999 -999 -999 -999 -999 -999 -999 -999 -999
-999 -999 -999 -999 -999 -999 -999 -999 26.893 31.775 46 43.538 40.642 38.771 37.595 39.887 38.229 -999 -999 -999 -999 -999 -999 -999 -999 -999 -999 -999 -999 -999 -999
-999 -999 -999 -999 -999 -999 -999 26.99 16.095 22.432 46 46 45.04 42.005 39.5 37.872 35.288 -999 -999 -999 -999 -999 -999 -999 -999 -999 -999 -999 -999 -999 -999
-999 -999 -999 -999 -999 -999 -999 5.2 5.2 5.2 29 46 45.972 44.412 41.634 -999 -999 -999 -999 -999 -999 -999 -999 -999 -999 -999 -999 -999 -999 -999 -999
