PC_RASTER_CASE_STUDY/rain_grids/rn_12269.asc
ncols         31
nrows         25
xllcorner     73.125000
yllcorner     13.125000
cellsize      0.25
NODATA_value  -9999
-999 225.47 206.48 106.21 40.854 15.374 14.048 13.348 -999 -999 -999 -999 -999 -999 -999 -999 -999 -999 -999 -999 -999 -999 -999 -999 -999 -999 -999 -999 -999 -999 -999
-999 130.85 125.34 62.237 33.181 28.064 13.796 11.763 9.8246 -999 -999 -999 -999 -999 -999 -999 -999 -999 -999 -999 -999 -999 -999 -999 -999 -999 -999 -999 -999 -999 -999
-999 152.59 153.4 46.633 27.434 20.616 16.315 10.389 9.0958 9.1807 -999 -999 -999 -999 -999 -999 -999 -999 -999 -999 -999 -999 -999 -999 -999 -999 -999 -999 -999 -999 -999
191.97 189.56 193.44 71.614 31.677 20.239 16.741 11.562 10.791 10.557 8.3658 8.7864 -999 -999 -999 -999 -999 -999 -999 -999 -999 -999 -999 -999 -999 -999 -999 -999 -999 -999 -999
-999 295.29 182.29 97.351 49.652 20.122 12.978 11.13 11.745 11.643 14.046 17.255 -999 -999 -999 -999 -999 -999 -999 -999 -999 -999 -999 -999 -999 -999 -999 -999 -999 -999 -999
-999 379.23 170 112.83 27.687 23.331 11.872 7.7399 8.2621 7.0528 19.003 23.473 14.037 9.4694 8.3241 -999 -999 -999 -999 -999 -999 -999 -999 -999 14.242 13.412 26.483 42.145 46.681 -999 -999
-999 229.29 103.16 151.98 86.736 42.283 12.583 8.3587 7.4057 5.0901 13.023 12.5 4.4705 5.9857 12.297 11.259 5.8921 4.8901 7.8556 -999 -999 6.37 1.9831 4.2352 12.216 12.769 29.87 49.999 48.514 -999 -999
-999 -999 114.2 154.1 105.21 56.763 21.124 9.8921 5.4954 6.7399 9.4024 0.61688 0.53821 4.3448 11 6.3992 12.297 13.942 15.204 16.761 13.196 9.3021 0.76558 6.4838 14.573 27.692 38.078 56.845 52.171 50.408 -999
-999 -999 99.598 98.833 73.423 42.874 21.995 13.179 8.7991 6.2741 5.5663 3.3999 2.4461 3.1515 0.67816 5.1004 12.16 15.375 13.724 9.7483 12.741 11.419 7.7125 11.443 13.084 16.472 44.749 60.443 56.12 49.585 47.592
-999 -999 66.108 49.039 43.943 41.721 21.784 15.537 12.631 8.1348 6.9663 5.1597 8.8518 8.3782 2.5893 0.84854 0.81572 8.2977 9.8425 7.3992 9.414 11.274 7.7726 5.2228 6.9843 10.24 12.063 68.452 81.551 69.473 49.528
-999 -999 96.742 61.615 37.264 35.571 21.164 8.2217 9.0662 12.505 11.438 9.9178 7.7365 7.7915 4.2704 0.57918 2.7922 2.9449 6.5504 5.5923 4.6647 4.6605 8.0648 6.1495 7.442 6.8283 15.454 51.419 72.065 78.374 81.65
-999 -999 182.84 75.18 43.731 37.248 23.274 14.621 10.027 11.176 13.72 13.019 8.1873 6.9769 6.0459 4.4592 14.654 7.8649 5.9553 3.637 5.7196 4.6034 4.9238 5.7468 8.2673 8.0366 9.6851 28.052 29.94 53.908 60.004
-999 -999 69.76 52.433 33.924 26.132 11.647 11.713 9.1943 8.611 10.737 13.043 13.475 18.502 5.3938 9.4303 2.0372 4.5198 1.9972 4.0091 4.3289 4.1735 4.917 5.1391 7.241 6.4241 5.4105 7.4618 15.984 20.492 35.176
-999 -999 -999 53.654 60.617 26.824 13.179 7.3659 7.496 8.8379 9.4339 8.2873 10.941 10.885 9.966 9 14.343 16.302 10.534 4.5165 5.9055 5.307 5.2144 4.7846 4.6721 -999 -999 -999 -999 -999 17.293
-999 -999 -999 57.873 147.19 40.354 17.004 5.3048 7.1622 8.7231 12.591 5.6589 18.987 4.8421 3.5807 15.245 18.626 19.997 17.614 9.1075 9.8081 8.898 7.6337 -999 -999 -999 -999 -999 -999 -999 21.413
-999 -999 -999 -999 -999 81.792 37.48 8.3202 5.8724 3.9588 2.7795 4.7274 1.5772 9.1956 8.9981 12.92 14.278 13.855 8.261 10.115 -999 -999 -999 -999 -999 -999 -999 -999 -999 -999 -999
-999 -999 -999 -999 -999 -999 -999 -999 15.591 6.1094 0.74888 3.6037 2.5404 8.2429 13.849 8.415 3.5542 3.6769 6.2213 8.4469 -999 -999 -999 -999 -999 -999 -999 -999 -999 -999 -999
-999 -999 -999 -999 -999 -999 -999 24.75 12.378 7.9337 3.0448 7.5323 6.7965 9.1293 10.701 4.8565 2.4868 1.9535 -999 -999 -999 -999 -999 -999 -999 -999 -999 -999 -999 -999 -999
-999 -999 -999 -999 -999 -999 69.584 23.362 13.051 4.7692 6.3836 4.8193 4.6948 3.7178 3.5226 1.3825 0.10253 -999 -999 -999 -999 -999 -999 -999 -999 -999 -999 -999 -999 -999 -999
-999 -999 -999 -999 -999 -999 85.09 36.549 18.761 17.817 20.529 2.0862 4.4893 5.0778 0.35564 0.14395 0 -999 -999 -999 -999 -999 -999 -999 -999 -999 -999 -999 -999 -999 -999
-999 -999 -999 -999 -999 -999 132.02 69.142 45.871 18.657 69.617 6.0251 2.1459 0.39653 0 0 0 -999 -999 -999 -999 -999 -999 -999 -999 -999 -999 -999 -999 -999 -999
-999 -999 -999 -999 -999 -999 -999 123.21 32.945 11.926 67.564 10.562 8.5576 3.1372 0.4855 1.2872 1.2942 -999 -999 -999 -999 -999 -999 -999 -999 -999 -999 -999 -999 -999 -999
-999 -999 -999 -999 -999 -999 -999 -999 119.79 47.71 31.599 9.8464 6.3052 0 3.6 1.1882 0 -999 -999 -999 -999 -999 -999 -999 -999 -999 -999 -999 -999 -999 -999
-999 -999 -999 -999 -999 -999 -999 175.74 82.767 45.736 1.6159 8.1166 2.198 4.8042 0 3.9472 0 -999 -999 -999 -999 -999 -999 -999 -999 -999 -999 -999 -999 -999 -999
-999 -999 -999 -999 -999 -999 -999 61.497 95.337 66.19 10.474 12.117 1.6992 12.216 2.5178 -999 -999 -999 -999 -999 -999 -999 -999 -999 -999 -999 -999 -999 -999 -999 -999
