PC_RASTER_CASE_STUDY/rain_grids/rn_13724.asc
ncols         31
nrows         25
xllcorner     73.125000
yllcorner     13.125000
cellsize      0.25
NODATA_value  -9999
-999 68.305 10.733 9.5276 8.1163 3.8139 4.7438 1.2232 -999 -999 -999 -999 -999 -999 -999 -999 -999 -999 -999 -999 -999 -999 -999 -999 -999 -999 -999 -999 -999 -999 -999
-999 96.7 39.708 9.9199 10.324 8.4121 2.2423 2.2592 4.3505 -999 -999 -999 -999 -999 -999 -999 -999 -999 -999 -999 -999 -999 -999 -999 -999 -999 -999 -999 -999 -999 -999
-999 113.23 110.02 11.402 8.4225 6.3724 4.9809 5.5475 6.6386 3.5059 -999 -999 -999 -999 -999 -999 -999 -999 -999 -999 -999 -999 -999 -999 -999 -999 -999 -999 -999 -999 -999
171.56 174.05 79.484 7.663 6.8027 6.0523 5.5761 4.5744 5.1523 2.7172 0.87216 0.56535 -999 -999 -999 -999 -999 -999 -999 -999 -999 -999 -999 -999 -999 -999 -999 -999 -999 -999 -999
-999 168.63 37.375 6.5317 3.7049 3.6044 3.7044 3.7021 4.6658 3.2049 2.6083 2.4591 -999 -999 -999 -999 -999 -999 -999 -999 -999 -999 -999 -999 -999 -999 -999 -999 -999 -999 -999
-999 152.97 24.723 5.6689 1.1327 1.6435 1.5648 1.1543 2.2255 1.9036 2.4253 2.1096 2.2248 2.9303 4.6482 -999 -999 -999 -999 -999 -999 -999 -999 -999 0.2932 0.36049 7.7336 19.608 26.054 -999 -999
-999 108.05 19.936 4.1638 1.5641 3.3839 2.6773 1.5162 1.8354 2.0149 0.60094 1.056 0 0 0 7.221 20.025 10.211 1.1058 -999 -999 33.668 25.009 5.8759 4.731 5.8416 22.87 40.411 35.859 -999 -999
-999 -999 18.719 9.6709 3.5196 2.6946 1.8165 3.8424 1.5737 1.3955 1.1941 1.1955 0 0.81298 0 2.5831 3.508 6.1533 4.8672 26.436 37.502 35.133 26.548 17.577 12.798 28.732 47.519 52.838 33.609 29.987 -999
-999 -999 23.236 25.234 14.352 2.7637 2.09 2.9228 2.471 1.799 1.4555 3.5537 2.1426 4.4127 0.1433 4.3498 3.9522 7.1134 9.7492 26.451 35.099 32.783 24.319 17.314 19.106 41.129 58.466 65.633 46.406 36.033 41.119
-999 -999 29.764 12.814 5.4285 4.03 3.1431 0.90485 1.5746 0.84618 5.4467 0 5.2827 6.5028 3.3928 5.3735 6.9001 7.343 14.141 20.139 26.251 26.031 18.862 17.041 16.405 20.664 48.611 47.433 44.4 43.585 40.316
-999 -999 42.733 24.083 8.3957 4.1759 3.8812 2.6337 3.2618 1.6139 0.8093 0.50369 9.1451 8.3257 0 4.3657 3.6757 10.633 16.116 17.132 20.217 21.665 12.892 12.386 6.4032 7.6261 31.072 37.507 40.041 46.425 44.577
-999 -999 79.732 40.186 2.4257 3.2207 2.9624 6.032 0.56295 2.8542 2.8292 3.5013 4.6912 9.125 4.6757 1.6075 5.1655 3.3691 12.865 16.987 21.579 14.818 7.673 5.7917 1.2691 2.5526 18.919 37.258 41.186 49.311 46.696
-999 -999 73.863 23.981 12.009 2.8579 2.0782 2.742 3.2982 2.2125 4.2886 5.0501 1.4599 2.3398 1.7456 3.1612 6.5437 3.2769 18.09 29.838 31.912 31.749 10.744 6.0847 3.7613 4.8378 19.407 40.033 41.167 42.537 35.559
-999 -999 -999 29.18 42.919 8.182 6.0613 3 4.6475 2.4769 5.2657 20.825 4.1653 3.5375 3.2959 27 17.121 11.067 39.514 42.838 39.955 39.455 28.214 10.542 7.1336 -999 -999 -999 -999 -999 34.981
-999 -999 -999 114.05 55.635 11.129 6.5179 0.17676 1.9447 5.6572 5.2783 12.195 2.4181 7.5908 10.456 15.837 16.086 26.185 46.007 46.312 38.052 38.66 36.386 -999 -999 -999 -999 -999 -999 -999 35.917
-999 -999 -999 -999 -999 15.506 14.4 6.2 2.6566 3.8525 4.6273 4.8917 0.57199 0.50168 3.8409 3.7441 10.746 30.549 40.373 38.931 -999 -999 -999 -999 -999 -999 -999 -999 -999 -999 -999
-999 -999 -999 -999 -999 -999 -999 -999 6.1269 2.4352 1.6174 3.9838 3.1341 0 4.4096 0.82797 0.97484 6.2826 37.4 38.02 -999 -999 -999 -999 -999 -999 -999 -999 -999 -999 -999
-999 -999 -999 -999 -999 -999 -999 5.9927 2.1426 93.281 1.154 0 1.3633 0 0.31932 1.2777 1.0497 1.02 -999 -999 -999 -999 -999 -999 -999 -999 -999 -999 -999 -999 -999
-999 -999 -999 -999 -999 -999 79.236 15.864 8.5689 6.6933 1.5818 1.4708 0.13277 0 0 0.53622 0.58788 -999 -999 -999 -999 -999 -999 -999 -999 -999 -999 -999 -999 -999 -999
-999 -999 -999 -999 -999 -999 142.21 31.568 28.977 24.268 14.806 4.2467 7.5496 1.0969 4.1355 3.4141 3.5074 -999 -999 -999 -999 -999 -999 -999 -999 -999 -999 -999 -999 -999 -999
-999 -999 -999 -999 -999 -999 114.85 33.079 37.776 10.468 42.108 7.8988 13.57 3.7269 7.9393 0.2049 4.8017 -999 -999 -999 -999 -999 -999 -999 -999 -999 -999 -999 -999 -999 -999
-999 -999 -999 -999 -999 -999 -999 64.968 69.452 30.343 12.288 10.556 39.622 6.3107 7.9415 5.0128 6.3414 -999 -999 -999 -999 -999 -999 -999 -999 -999 -999 -999 -999 -999 -999
-999 -999 -999 -999 -999 -999 -999 -999 72.524 50.259 23.694 17.103 10.877 9.9226 8.5 10.253 2.0061 -999 -999 -999 -999 -999 -999 -999 -999 -999 -999 -999 -999 -999 -999
-999 -999 -999 -999 -999 -999 -999 73.617 131.75 119.07 6.3991 3.4208 7.242 8.0084 7.3591 8 10.989 -999 -999 -999 -999 -999 -999 -999 -999 -999 -999 -999 -999 -999 -999
-999 -999 -999 -999 -999 -999 -999 99.915 146.58 85.584 16.511 20.392 9.703 24.641 11.736 -999 -999 -999 -999 -999 -999 -999 -999 -999 -999 -999 -999 -999 -999 -999 -999
