PC_RASTER_CASE_STUDY/rain_grids/rn_13766.asc
ncols         31
nrows         25
xllcorner     73.125000
yllcorner     13.125000
cellsize      0.25
NODATA_value  -9999
-999 10.412 1.9934 2.2533 9.678 24.11 20.32 9.1648 -999 -999 -999 -999 -999 -999 -999 -999 -999 -999 -999 -999 -999 -999 -999 -999 -999 -999 -999 -999 -999 -999 -999
-999 4.3843 1.2926 3.475 4.4054 9.3355 17.892 18.627 30.546 -999 -999 -999 -999 -999 -999 -999 -999 -999 -999 -999 -999 -999 -999 -999 -999 -999 -999 -999 -999 -999 -999
-999 1.5152 1.2242 7.4369 10.588 20.556 23.879 50.89 50.71 31.253 -999 -999 -999 -999 -999 -999 -999 -999 -999 -999 -999 -999 -999 -999 -999 -999 -999 -999 -999 -999 -999
1.1328 6.1177 2.8917 5.3849 12.827 22.358 34.117 63.19 54.282 25.035 17.589 11.071 -999 -999 -999 -999 -999 -999 -999 -999 -999 -999 -999 -999 -999 -999 -999 -999 -999 -999 -999
-999 21.402 3.8894 1.245 8.2628 15.882 32.79 60.106 46.24 92.582 66.101 44.736 -999 -999 -999 -999 -999 -999 -999 -999 -999 -999 -999 -999 -999 -999 -999 -999 -999 -999 -999
-999 22.536 1.8587 0.31106 5.8737 11.156 13.36 20.368 61.562 69.913 44.428 28.115 14.482 4.9762 7.0019 -999 -999 -999 -999 -999 -999 -999 -999 -999 0 0 3.4877 9.0578 11.427 -999 -999
-999 8.1014 0.53839 2.0459 9.5036 23.879 16.812 20.233 43.013 61.526 57.954 30.014 14.376 27.996 13.04 0.81792 0.33677 15.659 2.1075 -999 -999 2.194 2.1591 1.5339 1.878 2.1591 8.1295 14.561 13.217 -999 -999
-999 -999 22.925 1.6136 11.899 19.967 16.868 17.108 41.361 40.118 58.42 23.372 19.17 10.265 12.2 13.063 11.445 1.673 4.7096 1.3365 1.8018 2.5398 4.3096 5.2423 7.2904 10.597 16.737 19.087 12.735 11.126 -999
-999 -999 31.007 13.418 12.862 12.177 17.27 13.343 24.476 28.313 48.668 70.544 60.176 15.228 10.158 25.806 9.8854 3.327 2.6833 1.2736 1.6826 3.2058 7.0797 8.6707 9.7636 16.361 21.209 22.681 17.125 13.711 8.9824
-999 -999 2.4893 2.7477 12.932 10.916 20.861 6.4378 8.5833 32.946 46.884 23.472 18.822 12.077 14.681 32.237 20.184 29.17 3.4685 1.4702 2.2263 5.1862 8.3511 9.3834 9.8252 14.456 19.892 20.471 19.055 15.972 14.809
-999 -999 35.911 2.6757 25.015 2.2434 11.756 11.726 11.288 40.453 38.726 15.282 6.168 22.375 17.53 13.154 44.458 23.146 1.8086 1.2855 2.0927 5.4629 8.5971 9.334 10.651 13.879 18.913 19.829 18.739 16.592 17.133
-999 -999 141.2 5.9539 4.1397 45.081 15.29 5.4119 18.769 4.2742 24.876 33.539 13.287 15.265 47.175 11.001 24.748 10.101 2.4256 5.4964 12.084 12.759 9.076 9.6316 11.436 15.298 19.007 17.486 17.331 14.267 16.486
-999 -999 11.106 17.681 31.738 10.88 8.7608 31.153 18.397 13.548 17.096 20.357 13.082 2.668 17.1 10.346 6.2532 2.2898 18.524 29.729 27.941 28.801 17.327 13.37 17.997 26.966 25.496 16.687 14.258 18.067 26.58
-999 -999 -999 8.6098 52.049 23.354 17.207 26 4.1956 14.181 18.647 10.211 16.481 3.676 13.167 15 1.4034 0 45.105 47.928 38.282 36.781 31.457 29.932 38.914 -999 -999 -999 -999 -999 25.717
-999 -999 -999 31.924 23.205 10.243 4.9193 6.1961 0.90285 1.6114 5.0885 29.434 11.435 5.7282 31.425 4.4274 2.4134 20.422 53.634 53.031 30.857 29.933 31.794 -999 -999 -999 -999 -999 -999 -999 23.988
-999 -999 -999 -999 -999 3.3168 3.2928 16.4 17.558 3.5344 5.3479 24.865 6.1746 7.281 55.902 39.878 16.896 27.262 40.568 33.505 -999 -999 -999 -999 -999 -999 -999 -999 -999 -999 -999
-999 -999 -999 -999 -999 -999 -999 -999 2.3815 1.9765 12.154 21.419 4.941 7.77 2.6213 9.8448 9.5772 6.9526 32.304 31.431 -999 -999 -999 -999 -999 -999 -999 -999 -999 -999 -999
-999 -999 -999 -999 -999 -999 -999 0.33564 1.2827 3.4094 9.7684 6.8262 2.4945 1.1507 3.5215 9.9743 6.9077 4.1015 -999 -999 -999 -999 -999 -999 -999 -999 -999 -999 -999 -999 -999
-999 -999 -999 -999 -999 -999 11.362 3.6953 0.17664 1.7112 4.3703 5.1771 0.31992 28.305 15.439 6.4273 3.2679 -999 -999 -999 -999 -999 -999 -999 -999 -999 -999 -999 -999 -999 -999
-999 -999 -999 -999 -999 -999 15.745 4.4462 3.3679 6.4192 7.3945 0.632 4.4805 27.713 30.4 1.1964 1.8574 -999 -999 -999 -999 -999 -999 -999 -999 -999 -999 -999 -999 -999 -999
-999 -999 -999 -999 -999 -999 3.6074 2.4568 0 1.4095 9.5837 0 0.38479 24.108 2.2229 0.23279 4.9408 -999 -999 -999 -999 -999 -999 -999 -999 -999 -999 -999 -999 -999 -999
-999 -999 -999 -999 -999 -999 -999 0.38894 0.4052 0.12876 0.44833 4.3309 0.39394 6.1433 1.387 3.833 2.649 -999 -999 -999 -999 -999 -999 -999 -999 -999 -999 -999 -999 -999 -999
-999 -999 -999 -999 -999 -999 -999 -999 2.4792 2.4383 0.59294 0.30111 0.78863 0.19815 0 2.2038 0.54615 -999 -999 -999 -999 -999 -999 -999 -999 -999 -999 -999 -999 -999 -999
-999 -999 -999 -999 -999 -999 -999 13.279 0 4.6288 0 0 0 4.3953 5.5689 0 5.1511 -999 -999 -999 -999 -999 -999 -999 -999 -999 -999 -999 -999 -999 -999
-999 -999 -999 -999 -999 -999 -999 12.171 10.444 0.40447 1.4257 2.0371 0 1.9444 8.2156 -999 -999 -999 -999 -999 -999 -999 -999 -999 -999 -999 -999 -999 -999 -999 -999
