PC_RASTER_CASE_STUDY/rain_grids/rn_12598.asc
ncols         31
nrows         25
xllcorner     73.125000
yllcorner     13.125000
cellsize      0.25
NODATA_value  -9999
-999 80.186 130.93 158.93 175.84 176.8 97.347 4.4 -999 -999 -999 -999 -999 -999 -999 -999 -999 -999 -999 -999 -999 -999 -999 -999 -999 -999 -999 -999 -999 -999 -999
-999 44.549 63.399 178.95 204.33 204.4 203.79 77.445 4.0677 -999 -999 -999 -999 -999 -999 -999 -999 -999 -999 -999 -999 -999 -999 -999 -999 -999 -999 -999 -999 -999 -999
-999 89.362 155.41 191.5 196.76 194.13 203.18 97.525 1.9 1.9001 -999 -999 -999 -999 -999 -999 -999 -999 -999 -999 -999 -999 -999 -999 -999 -999 -999 -999 -999 -999 -999
93.317 162.41 172.46 175.59 176.5 157.56 113.85 87.5 34.914 1.9 1.9 1.9148 -999 -999 -999 -999 -999 -999 -999 -999 -999 -999 -999 -999 -999 -999 -999 -999 -999 -999 -999
-999 179.15 176.05 157.38 153.48 139.05 107.91 87.5 48.357 15.355 5.7296 5.9235 -999 -999 -999 -999 -999 -999 -999 -999 -999 -999 -999 -999 -999 -999 -999 -999 -999 -999 -999
-999 200.82 187.07 162.05 139.66 118.67 92.955 66.532 9.2133 5.4356 6.9994 6.9977 6.9755 7.0444 7.4958 -999 -999 -999 -999 -999 -999 -999 -999 -999 33.807 12.509 11.697 14.11 10.34 -999 -999
-999 187.32 169.47 118.44 115.35 90.126 62.849 30.366 10.668 5.4339 6.8918 6.9991 7.0111 7.1132 7.5041 8.9668 13.902 17.436 16.498 -999 -999 6.2209 5.9138 10.347 19.474 18.803 14.039 8.3344 7.7947 -999 -999
-999 -999 103.48 88.995 83.496 71.061 48.108 21.322 10.092 6.743 6.5473 6.9545 7.0319 7.0949 7.1331 8.3639 13.867 16.572 22.545 16.345 8.2554 6.5866 2.7028 2.7387 14.819 11.628 5.0152 7.1852 9.5875 9.8482 -999
-999 -999 83.419 81.19 73.057 54.237 29.559 15.883 8.7833 7.1861 5.6649 6.8037 7.0451 7.0952 7.0625 8.1554 11.849 11.296 24.191 14.797 8.2725 7.4937 1.1794 0.49874 4.6821 6.7802 5.8328 4.8251 12.804 16.711 11.301
-999 -999 65.047 69.055 58.515 36.268 26.71 10.506 7.1959 6.9443 5.2861 6.4715 6.9819 7.1058 7.3311 8.9135 11.728 10.495 16.985 8.5117 8.4152 6.9951 1.5416 1.9411 3.5916 6.6088 6.1642 10.388 15.608 14.641 10.83
-999 -999 65.558 77.9 74 35.222 25.4 6.1079 5.7133 6.3473 5.1465 5.6156 6.419 6.122 5.5267 5.2255 7.7982 12.586 12.756 10.573 4.5648 3.9732 1.5078 3.5623 7.8043 7.7104 6.404 5.3284 12.579 17.003 16.98
-999 -999 57.738 72.166 67.019 51.297 25.942 8.4082 6.4727 5.6828 5.3115 5.5217 4.2716 3.8879 2.7825 2.4984 2.9088 8.4722 11.327 5.1377 2.6322 2.6257 2.1782 4.8358 9.9079 9.6475 4.3622 3.8214 9.6694 18.312 15.84
-999 -999 48.442 57.914 52.279 50.072 39.191 20.126 9.3963 6.6619 6.4815 7.1843 4.4668 3.7896 3.4311 1.8267 0.67203 2.4646 4.7692 2.5133 2.6852 1.9339 0.39989 1.6256 6.5068 4.9464 1.911 2.4809 7.0051 5.0792 18.721
-999 -999 -999 61.964 52.96 50.599 45.367 35.216 14.837 10.621 9.72 9.4402 7.4619 5.1823 4.7441 3.7097 2.7917 2.7652 0.80713 0.27739 0.97058 0.65067 0 0.11887 0.50293 -999 -999 -999 -999 -999 5.7156
-999 -999 -999 80.191 55.48 48.579 53.474 35.554 15.668 10.904 10.404 10.094 8.2706 6.8249 7.2287 7.4711 5.5294 3.0915 1.6502 0.48223 0 0 0 -999 -999 -999 -999 -999 -999 -999 9.9923
-999 -999 -999 -999 -999 66.805 62.453 23.79 11.765 10.526 10.427 10.022 7.8162 6.432 6.6986 8.848 8.503 2.0406 0.51251 0.2629 -999 -999 -999 -999 -999 -999 -999 -999 -999 -999 -999
-999 -999 -999 -999 -999 -999 -999 -999 11.356 10.544 10.414 9.4883 6.5736 4.872 5.7109 4.3093 0.62747 0.14139 0.27825 0 -999 -999 -999 -999 -999 -999 -999 -999 -999 -999 -999
-999 -999 -999 -999 -999 -999 -999 22.06 11.094 10.358 9.8742 7.7482 3.8163 4.4157 4.78 1.8413 0 0 -999 -999 -999 -999 -999 -999 -999 -999 -999 -999 -999 -999 -999
-999 -999 -999 -999 -999 -999 32.141 17.247 11.872 9.2159 7.1153 3.1115 1.569 2.9219 1.5995 1.1944 0 -999 -999 -999 -999 -999 -999 -999 -999 -999 -999 -999 -999 -999 -999
-999 -999 -999 -999 -999 -999 24.668 29.57 21.333 6.3677 1.2388 0.2436 0.24814 0.54657 0.5748 0.38726 0 -999 -999 -999 -999 -999 -999 -999 -999 -999 -999 -999 -999 -999 -999
-999 -999 -999 -999 -999 -999 30.288 40.285 42.862 12.239 2.2908 0 0 0 0.16687 0 0 -999 -999 -999 -999 -999 -999 -999 -999 -999 -999 -999 -999 -999 -999
-999 -999 -999 -999 -999 -999 -999 48.574 48.479 25.993 5.0922 0 0 0 0 0 0 -999 -999 -999 -999 -999 -999 -999 -999 -999 -999 -999 -999 -999 -999
-999 -999 -999 -999 -999 -999 -999 -999 48.297 34.496 4.259 0.76519 0.1144 0.10208 0 0 0 -999 -999 -999 -999 -999 -999 -999 -999 -999 -999 -999 -999 -999 -999
-999 -999 -999 -999 -999 -999 -999 75.796 49.281 15.675 5.8867 1.0071 0.50208 0.40531 0 0 0 -999 -999 -999 -999 -999 -999 -999 -999 -999 -999 -999 -999 -999 -999
-999 -999 -999 -999 -999 -999 -999 46.306 23.376 1.5428 1.1561 1.1623 0.66251 0.56714 0 -999 -999 -999 -999 -999 -999 -999 -999 -999 -999 -999 -999 -999 -999 -999 -999
