PC_RASTER_CASE_STUDY/rain_grids/rn_14805.asc
ncols         31
nrows         25
xllcorner     73.125000
yllcorner     13.125000
cellsize      0.25
NODATA_value  -9999
-999 106.49 3.5476 2.694 8.92 14.342 13.889 11.007 -999 -999 -999 -999 -999 -999 -999 -999 -999 -999 -999 -999 -999 -999 -999 -999 -999 -999 -999 -999 -999 -999 -999
-999 113.09 46.34 6.268 9.267 13.747 15.049 14.286 24.569 -999 -999 -999 -999 -999 -999 -999 -999 -999 -999 -999 -999 -999 -999 -999 -999 -999 -999 -999 -999 -999 -999
-999 104.23 99.492 22.003 18.085 31.906 30.864 30.064 37.938 35.1 -999 -999 -999 -999 -999 -999 -999 -999 -999 -999 -999 -999 -999 -999 -999 -999 -999 -999 -999 -999 -999
124.86 87.507 64.098 18.289 24.495 33.567 32.544 19.486 24.938 26.594 35.253 32.959 -999 -999 -999 -999 -999 -999 -999 -999 -999 -999 -999 -999 -999 -999 -999 -999 -999 -999 -999
-999 64.32 31.692 17.496 24.377 28.116 23.102 17.697 19.143 21.037 29.969 32.454 -999 -999 -999 -999 -999 -999 -999 -999 -999 -999 -999 -999 -999 -999 -999 -999 -999 -999 -999
-999 72.641 24.954 16.782 22.339 20.218 20.358 20.708 27.744 25.064 27.71 29.789 37.835 46.423 30.088 -999 -999 -999 -999 -999 -999 -999 -999 -999 74.617 55.41 65.865 63.387 65.417 -999 -999
-999 66.774 25.382 9.4167 11.567 13.323 19.325 14.817 13.364 14.145 15.522 18.094 26.871 29.204 24.065 17.532 35.17 30.455 51.883 -999 -999 32.193 60.868 60.773 56.408 68.037 76.098 75.304 72.249 -999 -999
-999 -999 9.1869 7.8779 9.6064 10.753 7.5925 6.3849 9.0695 11.093 14.426 15.124 15.393 16.084 15.291 14.59 20.655 22.757 20.66 22.68 21.36 23.536 30.556 38.391 39.604 55.658 74.443 73.213 73.096 69.523 -999
-999 -999 7.0981 5.3367 5.3895 5.6749 6.2463 5.736 6.8426 7.6174 12.531 13.666 14.432 15.105 13.954 13.744 12.019 10.593 16.623 10.594 18.85 14.021 26.161 27.942 23.295 27.284 49.871 60.353 70.56 72.331 40.882
-999 -999 17.809 11.023 6.9908 4.0809 5.5681 4.7024 4.717 6.4624 8.4288 10.602 13.343 13.764 13.184 11.774 10.225 11.115 9.951 9.4169 11.697 12.425 15.938 16.777 18.453 25.409 37.114 37.009 45.728 66.069 26.671
-999 -999 39.292 11.356 7.4213 3.6503 5.886 2.2486 2.5555 7.191 6.866 7.9529 10.617 12.416 10.447 7.2047 8.3185 9.0241 10.436 9.6667 9.0696 9.2933 8.391 13.017 15.293 18.79 33.66 28.672 26.356 56.29 61.638
-999 -999 119.43 22.57 10.56 7.0913 5.552 3.1791 3.2163 5.7215 6.2246 6.9455 8.1945 9.1819 5.9152 5.9878 6.9143 8.0175 11.335 7.1092 9.492 9.4935 7.5007 6.8517 7.4797 10.626 9.1812 12.052 19.758 24.304 20.685
-999 -999 45.18 20.588 17.61 11.31 7.8347 2.6798 3.7591 4.1687 5.2767 6.0654 6.7881 5.3762 5.7372 5.8478 4.9802 9.1266 10.754 8.7597 5.4366 8.1089 3.6256 2.7129 5.478 7.6052 5.6958 8.3193 14.954 11.234 19.603
-999 -999 -999 9.6459 10.953 6.0131 6.8708 2.3347 2.1641 2.8146 3.9469 4.4095 4.4916 5.3582 5.4477 6.1951 2.6287 1.6247 2.2623 1.3802 2.36 3.9599 1.4102 0.8727 0 -999 -999 -999 -999 -999 16.771
-999 -999 -999 26.701 16.735 6.4942 3.6286 2.3602 2.4107 2.9139 3.5093 3.6826 4.0125 5.5945 4.679 5.8775 2.4952 1.7174 1.7384 0.88687 1.3145 1.7456 0.36872 -999 -999 -999 -999 -999 -999 -999 14.375
-999 -999 -999 -999 -999 19.335 4.0623 0.77704 2.3412 3.2966 3.4983 3.8898 3.6397 3.5029 3.7357 2.5923 0.92257 0.56179 0.43435 0.68743 -999 -999 -999 -999 -999 -999 -999 -999 -999 -999 -999
-999 -999 -999 -999 -999 -999 -999 -999 2.0307 3.2278 3.7435 3.9559 3.4001 3.7964 3.0002 0.68293 0 0.1842 1.3017 0.26706 -999 -999 -999 -999 -999 -999 -999 -999 -999 -999 -999
-999 -999 -999 -999 -999 -999 -999 3.4562 2.1361 3.6088 3.881 3.9329 4.566 5.0276 4.9929 5.4923 0 1.3777 -999 -999 -999 -999 -999 -999 -999 -999 -999 -999 -999 -999 -999
-999 -999 -999 -999 -999 -999 23.345 9.273 3.4037 4.2099 4.536 5.4973 4.533 5.3939 2.5157 16.986 0.92604 -999 -999 -999 -999 -999 -999 -999 -999 -999 -999 -999 -999 -999 -999
-999 -999 -999 -999 -999 -999 40.585 31.434 6.831 4.931 4.5418 5.634 7.6486 5.447 4.8862 3.7888 0.13229 -999 -999 -999 -999 -999 -999 -999 -999 -999 -999 -999 -999 -999 -999
-999 -999 -999 -999 -999 -999 47.045 49.938 19.354 7.7969 4.9886 7.5899 10.911 8.8731 4.8074 2.8365 1.9718 -999 -999 -999 -999 -999 -999 -999 -999 -999 -999 -999 -999 -999 -999
-999 -999 -999 -999 -999 -999 -999 65.977 55.247 26.62 8.5531 7.506 8.7789 7.4508 4.5702 1.459 1.3346 -999 -999 -999 -999 -999 -999 -999 -999 -999 -999 -999 -999 -999 -999
-999 -999 -999 -999 -999 -999 -999 -999 79.939 60.599 6.2812 5.8005 5.096 3.759 2.1064 0.9586 0.18154 -999 -999 -999 -999 -999 -999 -999 -999 -999 -999 -999 -999 -999 -999
-999 -999 -999 -999 -999 -999 -999 90.558 86.239 62.318 20.183 3.4052 2.2766 1.4956 1.5338 0.70318 0.10169 -999 -999 -999 -999 -999 -999 -999 -999 -999 -999 -999 -999 -999 -999
-999 -999 -999 -999 -999 -999 -999 85.17 80.456 42.109 11.51 4.0052 2.212 1.5419 1.0946 -999 -999 -999 -999 -999 -999 -999 -999 -999 -999 -999 -999 -999 -999 -999 -999
