PC_RASTER_CASE_STUDY/rain_grids/rn_12955.asc
ncols         31
nrows         25
xllcorner     73.125000
yllcorner     13.125000
cellsize      0.25
NODATA_value  -9999
-999 13.035 24.518 23.355 10.564 7.5835 19.521 9.9488 -999 -999 -999 -999 -999 -999 -999 -999 -999 -999 -999 -999 -999 -999 -999 -999 -999 -999 -999 -999 -999 -999 -999
-999 8.7672 18.56 18.558 10.611 12.859 28.884 18.428 23.953 -999 -999 -999 -999 -999 -999 -999 -999 -999 -999 -999 -999 -999 -999 -999 -999 -999 -999 -999 -999 -999 -999
-999 7.6475 7.0308 6.6228 7.8143 2.7388 11.872 29.128 39.64 24.99 -999 -999 -999 -999 -999 -999 -999 -999 -999 -999 -999 -999 -999 -999 -999 -999 -999 -999 -999 -999 -999
2.6686 3.9966 9.8579 14.477 7.843 3.028 4.3461 6.0674 16.864 26.652 7.842 10.155 -999 -999 -999 -999 -999 -999 -999 -999 -999 -999 -999 -999 -999 -999 -999 -999 -999 -999 -999
-999 2.7569 13.472 18.129 19.482 14.112 2.6334 0.21004 0 0.79383 3.5578 9.9403 -999 -999 -999 -999 -999 -999 -999 -999 -999 -999 -999 -999 -999 -999 -999 -999 -999 -999 -999
-999 1.8441 32.048 10.236 32.015 20.955 2.078 0 0 0 1.518 12.267 43.259 53.07 13.611 -999 -999 -999 -999 -999 -999 -999 -999 -999 0 0 0.62342 1.4592 1.3069 -999 -999
-999 0.28778 1.9034 1.4719 2.8878 1.999 0.5596 1.047 0 0.44672 7.9784 18.84 21.757 23.174 34.802 15.303 29.963 10.494 3.0874 -999 -999 2.6229 1.3617 0.36861 0.11475 0 0.58873 1.3094 1.0102 -999 -999
-999 -999 0.46553 0.33424 0 0.78903 0.80217 6.0987 1.0427 1.4949 12.726 34.083 13.099 21.395 44.6 4.3553 45.476 44.911 19.15 6.0164 2.6913 2.5024 2.0336 0.80787 0.40463 1.1201 2.7727 5.3052 1.7448 1.0482 -999
-999 -999 0 0 2.9155 8.2069 3.3471 6.3082 4.7393 11.446 14.694 30.967 21.064 29.941 9.0936 15.925 32.749 25.191 11.69 8.7305 3.9233 2.8365 2.3038 1.5176 3.0278 6.8888 10.135 9.759 5.0525 3.3242 1.4814
-999 -999 0.55362 0.12875 2.2199 16.318 6.0079 12.755 16.419 20.167 21.798 15.439 11.219 14.945 9.9879 23.178 19.894 19.898 17.72 11.093 6.265 3.5476 2.0212 1.1385 3.1277 6.5082 11.793 16.286 13.409 6.9982 3.8465
-999 -999 6.9038 1.0248 1.1458 1.545 4.3246 11.935 37.322 33.199 26.388 15.94 11.247 19.321 2.9586 9.48 14.708 15.458 12.168 7.0686 6.7773 2.5472 0.98037 0.94843 1.5411 2.0361 12.314 19.308 16.905 4.4231 3.8771
-999 -999 27.414 2.9345 2.2116 4.2152 9.832 10.823 19.733 34.912 10.916 19.06 15.273 10.005 27.119 12.51 21.82 11.462 9.6406 8.2534 5.8136 3.0583 1.026 0.90573 0.79953 1.2032 6.7301 13.666 11.359 0.80391 1.0555
-999 -999 6.0562 24.304 5.0267 19.694 4.2318 9.0695 16.556 13.521 2.9352 19.209 14.825 9.8278 31.51 19.64 1.7836 7.198 5.3182 4.5976 10.923 11.083 3.5331 1.1544 0.98601 1.8984 6.7312 7.5561 5.9248 1.4753 0.54399
-999 -999 -999 5.461 15.51 3.8574 11.195 48.97 21.094 48.124 11.182 4.5033 12.832 15.596 10.958 2.06 4.2206 5.1432 4.045 7.3651 13.934 14.03 13.389 4.6251 1.1409 -999 -999 -999 -999 -999 0.99503
-999 -999 -999 8.6579 8.0286 2.7958 1.5338 2.5129 18.464 10.353 5.9047 18.889 47.133 12.509 5.4479 3.8846 4.5618 4.8862 3.8571 6.072 20.496 19.52 20.227 -999 -999 -999 -999 -999 -999 -999 1.0933
-999 -999 -999 -999 -999 3.0034 18.59 35 1.4708 12.624 0.42644 1.8734 17.409 4.0441 1.3968 4.2504 6.6672 4.4289 10.93 18.413 -999 -999 -999 -999 -999 -999 -999 -999 -999 -999 -999
-999 -999 -999 -999 -999 -999 -999 -999 5.9217 7.5241 1.0292 28.492 0.15217 13.871 0.7356 0 1.7328 6.0412 15.011 17.546 -999 -999 -999 -999 -999 -999 -999 -999 -999 -999 -999
-999 -999 -999 -999 -999 -999 -999 10.376 12.746 6.5174 0 7.42 0 0.52146 14.827 3.2889 8.678 13.902 -999 -999 -999 -999 -999 -999 -999 -999 -999 -999 -999 -999 -999
-999 -999 -999 -999 -999 -999 0.11161 2.3727 18.809 12.451 15.226 7.6417 0 0 2.1388 4.5167 14.214 -999 -999 -999 -999 -999 -999 -999 -999 -999 -999 -999 -999 -999 -999
-999 -999 -999 -999 -999 -999 0.3665 20.932 11.343 15.017 4.9269 6.7399 1.3293 1.8683 4.7464 24.102 18.892 -999 -999 -999 -999 -999 -999 -999 -999 -999 -999 -999 -999 -999 -999
-999 -999 -999 -999 -999 -999 0 14.078 8.2061 4.3401 19.918 6.9819 9.4391 16.675 11.231 18.736 17.18 -999 -999 -999 -999 -999 -999 -999 -999 -999 -999 -999 -999 -999 -999
-999 -999 -999 -999 -999 -999 -999 0.46873 8.1104 9.3413 13.991 16.976 27.807 65.132 60.599 30.783 39.946 -999 -999 -999 -999 -999 -999 -999 -999 -999 -999 -999 -999 -999 -999
-999 -999 -999 -999 -999 -999 -999 -999 7.681 0.47141 19.732 63.711 44.824 22.393 57 56.099 74.313 -999 -999 -999 -999 -999 -999 -999 -999 -999 -999 -999 -999 -999 -999
-999 -999 -999 -999 -999 -999 -999 2.0422 7.1159 8.82 13.129 18.513 27.708 37.357 41.311 35.2 53.362 -999 -999 -999 -999 -999 -999 -999 -999 -999 -999 -999 -999 -999 -999
-999 -999 -999 -999 -999 -999 -999 3.0507 1.3101 3.4421 1.3455 7.4431 26.329 47.61 42.21 -999 -999 -999 -999 -999 -999 -999 -999 -999 -999 -999 -999 -999 -999 -999 -999
