PC_RASTER_CASE_STUDY/rain_grids/rn_11121.asc
ncols         31
nrows         25
xllcorner     73.125000
yllcorner     13.125000
cellsize      0.25
NODATA_value  -9999
-999 13.432 2.098 4.9351 7.4093 7.4023 8.4091 0.84905 -999 -999 -999 -999 -999 -999 -999 -999 -999 -999 -999 -999 -999 -999 -999 -999 -999 -999 -999 -999 -999 -999 -999
-999 30.637 41.402 15.759 13.051 12.201 12.408 5.1001 1.7162 -999 -999 -999 -999 -999 -999 -999 -999 -999 -999 -999 -999 -999 -999 -999 -999 -999 -999 -999 -999 -999 -999
-999 17.483 9.0289 4.1926 1.7809 2.7847 9.8966 6.5432 4.9809 0.67275 -999 -999 -999 -999 -999 -999 -999 -999 -999 -999 -999 -999 -999 -999 -999 -999 -999 -999 -999 -999 -999
21.268 4.2414 1.4243 10.387 2.131 0.29941 12.633 15.534 11.198 16.657 6.0804 11.99 -999 -999 -999 -999 -999 -999 -999 -999 -999 -999 -999 -999 -999 -999 -999 -999 -999 -999 -999
-999 28.526 10.174 9.7849 6.113 6.822 38.372 20.452 12.531 58.234 43.449 30.933 -999 -999 -999 -999 -999 -999 -999 -999 -999 -999 -999 -999 -999 -999 -999 -999 -999 -999 -999
-999 36.493 2.6112 0.36815 5.7833 7.8478 26.739 31.265 3.4039 12.462 19.827 12.461 18.752 40.585 28.431 -999 -999 -999 -999 -999 -999 -999 -999 -999 7.6846 7.4469 8.718 10.28 11.146 -999 -999
-999 67.152 26.897 2.1697 1.0372 8.5104 4.7865 13.198 16.483 11.008 8.101 5.031 22.928 28.72 58.271 26.6 45.47 68.814 73.802 -999 -999 50.903 22.254 23.362 11.365 8.9186 8.9897 10.093 14.88 -999 -999
-999 -999 16.687 6.8867 1.5163 5.7089 1.7032 1.4766 2.9998 0 4.9205 5.2538 11.861 17.313 43.18 55.144 66.68 18.472 44.194 92.85 111.68 91.263 31.189 48.578 55.526 22.459 13.434 4.1611 12.052 15.346 -999
-999 -999 18.271 9.6844 14.4 16.601 4.8448 1.4288 1.7238 0.33908 0.83435 3.5606 14.575 15.683 56.275 60.24 65.154 72.571 76.53 58.809 103.46 97.445 67.85 76.107 53.926 36.598 16.828 1.8204 17.217 12.027 28.907
-999 -999 77.207 44.9 29.723 19.929 11.477 3.3456 2.261 7.0112 4.3212 4.1863 15.666 9.0321 33.264 71.272 101.67 97.508 87.24 46.443 70.345 86.985 69.331 64.768 49.161 35.83 24.455 59.593 85.229 35.499 34.322
-999 -999 105.72 76.194 56.95 33.676 7.2814 5.6342 0.76245 0.2284 0.42499 4.7886 17.051 14.525 17.838 0.14675 32.975 31.001 27.332 25.601 22.452 15.414 50.424 45.881 33.251 30.565 33.307 42.521 73.364 36.122 36.131
-999 -999 178.29 73.102 37.84 17.254 5.7651 10.742 15.84 1.3198 0.24266 4.0457 3.1737 5.292 20.911 21.33 4.1802 12.629 25.509 15.832 10.881 12.345 10.178 19.613 23.887 24.517 19.227 24.945 28.791 38.955 41.668
-999 -999 99.146 36.44 37.605 11.024 3.8243 11.812 37.354 3.3795 0.30272 9.8899 0.99456 10.471 23.186 1.7917 16.685 14.184 9.6445 10.636 12.134 12.048 5.8262 6.4512 15.269 16.773 13.195 15.38 28.458 42.901 33.99
-999 -999 -999 10.374 70.045 10.733 17.893 4.2 8.6329 10.25 12.431 8.6138 6.4475 6.531 2.1804 0 7.2551 2.5984 2.7735 2.8858 3.9099 7.683 3.8186 3.424 4.9604 -999 -999 -999 -999 -999 20.492
-999 -999 -999 122.09 101.34 20.609 8.4715 7.4732 6.772 7.5205 6.9047 6.4388 4.6663 3.893 19.468 7.5356 5.3733 3.6121 2.7206 2.7913 1.5142 1.5663 2.8001 -999 -999 -999 -999 -999 -999 -999 20.764
-999 -999 -999 -999 -999 31.823 25.619 0 12.879 13.255 3.1527 7.7587 4.7622 1.3953 0.16956 2.361 4.5298 6.3132 8.6561 4.4167 -999 -999 -999 -999 -999 -999 -999 -999 -999 -999 -999
-999 -999 -999 -999 -999 -999 -999 -999 27.793 11.988 10.115 12.374 4.4987 5.0821 1.7203 3.4712 7.2924 5.6092 7.7836 4.4642 -999 -999 -999 -999 -999 -999 -999 -999 -999 -999 -999
-999 -999 -999 -999 -999 -999 -999 15.09 15.277 7.8285 10.461 14.508 16.566 19.591 11.756 0.50639 5.3974 3.1106 -999 -999 -999 -999 -999 -999 -999 -999 -999 -999 -999 -999 -999
-999 -999 -999 -999 -999 -999 32.082 15.83 4.8034 9.0322 4.2297 10.731 11.906 12.196 9.0996 0.41965 0 -999 -999 -999 -999 -999 -999 -999 -999 -999 -999 -999 -999 -999 -999
-999 -999 -999 -999 -999 -999 52.482 12.64 18.296 7.4581 10.055 3.3691 8.1883 3.8837 4.4674 5.8031 0.18879 -999 -999 -999 -999 -999 -999 -999 -999 -999 -999 -999 -999 -999 -999
-999 -999 -999 -999 -999 -999 65.79 48.9 24.5 6.465 18.993 19.027 9.9085 13.233 5.5164 16.84 3.1102 -999 -999 -999 -999 -999 -999 -999 -999 -999 -999 -999 -999 -999 -999
-999 -999 -999 -999 -999 -999 -999 43.784 18.922 5.9982 4.1587 5.3319 11.664 8.9506 6.164 7.1572 8.3454 -999 -999 -999 -999 -999 -999 -999 -999 -999 -999 -999 -999 -999 -999
-999 -999 -999 -999 -999 -999 -999 -999 26.522 17.286 1.1903 8.5433 1.4041 3.7848 0 2.8262 1.8348 -999 -999 -999 -999 -999 -999 -999 -999 -999 -999 -999 -999 -999 -999
-999 -999 -999 -999 -999 -999 -999 36.532 34.13 20.511 10.21 4.5493 0.51554 0 0 0 0 -999 -999 -999 -999 -999 -999 -999 -999 -999 -999 -999 -999 -999 -999
-999 -999 -999 -999 -999 -999 -999 64.318 56.026 40.99 6.7756 6.886 2.0832 2.652 0 -999 -999 -999 -999 -999 -999 -999 -999 -999 -999 -999 -999 -999 -999 -999 -999
