PC_RASTER_CASE_STUDY/rain_grids/rn_10147.asc
ncols         31
nrows         25
xllcorner     73.125000
yllcorner     13.125000
cellsize      0.25
NODATA_value  -9999
-999 16.439 30.78 15.199 6.3589 2.5813 1.9864 2.8878 -999 -999 -999 -999 -999 -999 -999 -999 -999 -999 -999 -999 -999 -999 -999 -999 -999 -999 -999 -999 -999 -999 -999
-999 14.543 11.569 19.122 12.162 11.185 3.8732 5.51 2.8991 -999 -999 -999 -999 -999 -999 -999 -999 -999 -999 -999 -999 -999 -999 -999 -999 -999 -999 -999 -999 -999 -999
-999 17.861 16.169 13.455 13.622 13.75 11.859 9.1081 0.80158 0.95438 -999 -999 -999 -999 -999 -999 -999 -999 -999 -999 -999 -999 -999 -999 -999 -999 -999 -999 -999 -999 -999
47.507 20.654 15.936 18.918 16.046 3.1899 18.948 17.175 16.072 3.1244 2.9033 3.4062 -999 -999 -999 -999 -999 -999 -999 -999 -999 -999 -999 -999 -999 -999 -999 -999 -999 -999 -999
-999 43.679 29.296 36.478 34.29 65.973 91.835 72.147 30.681 16.364 6.9947 4.3699 -999 -999 -999 -999 -999 -999 -999 -999 -999 -999 -999 -999 -999 -999 -999 -999 -999 -999 -999
-999 55.577 37.284 47.808 11.619 52.294 106.18 119.68 33.744 31.646 12.076 8.5938 4.7465 5.089 5.3307 -999 -999 -999 -999 -999 -999 -999 -999 -999 0.79023 0.8542 0.88599 0.28158 0 -999 -999
-999 65.715 36.396 40.887 18.028 1.5193 67.938 77.954 61.26 37.853 25.727 21.722 37.932 18.031 1.2314 3.785 0 7.1479 6.7032 -999 -999 6.8876 3.9197 3.7647 1.8989 3.2289 3.1395 1.5747 0 -999 -999
-999 -999 34.213 33.936 24.375 11.078 7.0101 41.888 35.549 31.938 35.735 32.399 35.214 30.2 0 1.859 3.1925 1.607 8.3543 12.382 13.899 11.284 4.0576 7.5656 14.822 11.71 10.731 5.8069 1.7177 0.13814 -999
-999 -999 30.487 24.228 29.075 33.607 16.533 34.559 39.982 35.059 37.862 46.655 36.725 43.481 17.1 0.71591 2.6225 1.4274 13.897 19.638 15.02 12.151 10.436 11.974 16.975 18.261 11.316 8.4184 2.4356 1.4077 8.6023
-999 -999 28.096 35.52 31.943 52.114 26.329 21.411 39.378 16.496 23.715 35.433 29.621 11.135 12.593 0.947 8.5694 2.6235 17.005 22.06 18.31 16.706 12.213 13.831 14.945 15.177 10.587 4.7796 3.2357 4.3843 10.717
-999 -999 24.298 27.352 37.202 65.041 86.177 41.052 38.675 26.658 28.408 27.377 38.756 26.625 33.718 89.513 12.669 3.5663 5.1108 6.2196 11.555 9.0785 11.659 10.591 9.7086 9.9794 8.9312 3.6321 3.6666 4.623 3.6442
-999 -999 19.156 20.264 26.764 33.418 107.5 8.3608 29.866 17.185 20.494 29.338 37.772 41.731 42.916 55.857 56.737 36.521 8.3173 6.0276 6.332 8.6001 7.7911 7.741 6.6626 7.079 7.352 7.2449 5.8177 9.591 5.1529
-999 -999 7.4075 9.7493 12.19 7.1641 13.496 6.4054 17.495 6.7031 33.258 32.678 19.843 11.497 36.827 60.164 52.46 51.742 46.218 14.941 9.7971 8.4335 7.675 7.9662 7.513 7.5029 8.0853 8.6618 11.096 1.9355 3.5929
-999 -999 -999 0.96963 8.324 11.675 10.888 13.2 5.9795 1.7153 5.8122 3.0173 2.0902 5.2227 4.1063 0 25.869 11.209 37.881 48.779 39.408 7.6321 8.3126 8.1545 10.962 -999 -999 -999 -999 -999 2.1939
-999 -999 -999 6.7147 11.603 0.52292 0.15459 0.75742 0.83078 6.807 0.46874 7.9875 0.2336 1.1128 18.898 6.5339 3.278 6.7333 16.491 42.53 16.572 10.555 10.73 -999 -999 -999 -999 -999 -999 -999 2.8625
-999 -999 -999 -999 -999 3.461 0.69546 3 0.40154 0.41676 0.30912 3.0491 2.8799 8.1858 4.8435 1.5607 1.5526 2.4074 1.9651 8.0204 -999 -999 -999 -999 -999 -999 -999 -999 -999 -999 -999
-999 -999 -999 -999 -999 -999 -999 -999 0.20701 0.37854 0.87185 1.2396 0.24154 2.1948 0 7.1906 0.9922 0 0.57174 4.3704 -999 -999 -999 -999 -999 -999 -999 -999 -999 -999 -999
-999 -999 -999 -999 -999 -999 -999 5.6674 0 6.9779 0 0.29333 0 0 0 13.191 1.5734 0.12105 -999 -999 -999 -999 -999 -999 -999 -999 -999 -999 -999 -999 -999
-999 -999 -999 -999 -999 -999 6.0204 10.017 5.6635 5.621 0.16897 0 0 0 0 0 0.45113 -999 -999 -999 -999 -999 -999 -999 -999 -999 -999 -999 -999 -999 -999
-999 -999 -999 -999 -999 -999 21.102 31.568 18.072 1.485 2.4078 5.3374 0.6486 0 0 0 0 -999 -999 -999 -999 -999 -999 -999 -999 -999 -999 -999 -999 -999 -999
-999 -999 -999 -999 -999 -999 41.424 41.999 11.433 12.416 16.848 0 3.0784 0 0 0 3.8447 -999 -999 -999 -999 -999 -999 -999 -999 -999 -999 -999 -999 -999 -999
-999 -999 -999 -999 -999 -999 -999 40.836 95.285 2.8104 6.7312 3.3722 18.006 1.9086 0.10376 0 1.4582 -999 -999 -999 -999 -999 -999 -999 -999 -999 -999 -999 -999 -999 -999
-999 -999 -999 -999 -999 -999 -999 -999 4.71 10.991 6.7092 5.6015 23.199 18.443 13 1.4516 0.72053 -999 -999 -999 -999 -999 -999 -999 -999 -999 -999 -999 -999 -999 -999
-999 -999 -999 -999 -999 -999 -999 9.1101 1.237 14.456 9.8525 3.8539 7.5708 20.062 26.989 19.4 14.776 -999 -999 -999 -999 -999 -999 -999 -999 -999 -999 -999 -999 -999 -999
-999 -999 -999 -999 -999 -999 -999 11.03 21.138 14.263 9.3215 22.109 17.342 7.6756 8.2943 -999 -999 -999 -999 -999 -999 -999 -999 -999 -999 -999 -999 -999 -999 -999 -999
