PC_RASTER_CASE_STUDY/rain_grids/rn_12332.asc
ncols         31
nrows         25
xllcorner     73.125000
yllcorner     13.125000
cellsize      0.25
NODATA_value  -9999
-999 5.3351 0.85732 1.1358 0.37283 0 0 3.7147 -999 -999 -999 -999 -999 -999 -999 -999 -999 -999 -999 -999 -999 -999 -999 -999 -999 -999 -999 -999 -999 -999 -999
-999 4.2615 2.1691 0.45474 0.62754 3.1252 0.38616 0.58507 1.6916 -999 -999 -999 -999 -999 -999 -999 -999 -999 -999 -999 -999 -999 -999 -999 -999 -999 -999 -999 -999 -999 -999
-999 7.7112 10.235 6.2758 7.0134 17.746 13.718 0.55989 0.30051 1.3244 -999 -999 -999 -999 -999 -999 -999 -999 -999 -999 -999 -999 -999 -999 -999 -999 -999 -999 -999 -999 -999
6.5134 15.043 10.72 4.3795 10.87 18.865 16.089 3.4821 3.4869 4.6824 0.90934 1.0221 -999 -999 -999 -999 -999 -999 -999 -999 -999 -999 -999 -999 -999 -999 -999 -999 -999 -999 -999
-999 16.467 1.0457 0.6225 6.4032 11.62 8.9162 4.197 9.9492 19.39 7.7392 1.494 -999 -999 -999 -999 -999 -999 -999 -999 -999 -999 -999 -999 -999 -999 -999 -999 -999 -999 -999
-999 4.6075 0.49974 0 2.8506 5.9894 6.1077 10.275 8.4211 11.66 5.436 2.1626 9.9328 4.0788 0 -999 -999 -999 -999 -999 -999 -999 -999 -999 37.229 37.128 33.725 24.831 17.154 -999 -999
-999 4.5822 0 0 23.625 11.716 10.906 17.99 24.703 18.204 7.0539 2.1925 0.27344 0 4.7646 15.933 11.082 10.166 18.04 -999 -999 12.027 18.555 34.233 35.218 34.239 22.596 8.0364 5.5815 -999 -999
-999 -999 0.11617 0.39705 37.825 32.17 51.696 21.768 31.416 26.542 5.0102 0.22602 0.72856 0 2 6.447 1.9533 3.0203 2.2828 7.6622 9.1954 10.841 20.401 28.526 31.246 21.978 8.7127 2.8619 4.406 4.9865 -999
-999 -999 0 0.90556 7.0668 26.699 41.88 31.182 28.642 19.622 3.6469 0.92924 0.36292 0.95217 7.8431 9.9529 10.563 1.3497 2.0443 9.7503 12.031 14.705 22.738 28.826 26.016 11.553 3.86 0.15801 3.5061 5.0307 13.548
-999 -999 2.9875 1.6965 9.5445 7.0653 7.1484 31.593 29.865 12.215 5.2501 2.8481 4.9092 4.2413 17.315 19.529 25.505 23.732 29.687 29.758 20.6 23.488 25.907 32.348 28.754 14.406 5.5384 7.4059 7.9128 11.099 11.035
-999 -999 12.681 2.591 48.544 8.7674 4.1578 30.925 12.196 13.417 8.082 5.0299 9.6971 9.3003 1.3582 19.351 87.968 61.547 49.22 44.455 35.281 30.395 21.598 22.671 10.52 6.6751 7.5346 11.816 12.288 13.516 12.89
-999 -999 44.004 17.086 39.156 0.73554 14.014 54.591 1.2822 8.3469 5.4135 2.0554 3.5836 5.2115 26.017 43.213 9.5981 12.408 41.171 48.772 53.379 35.43 14.595 10.439 1.9078 1.6595 4.0367 12.005 12.959 15.277 13.452
-999 -999 17.323 6.0503 12.419 8.6148 18.909 13.467 3.5273 3.0363 2.3056 2.6508 0.85422 0 0.50934 15.723 7.8099 6.3034 41.636 56.697 66.177 68.242 21.8 12.049 4.9921 1.5226 6.0506 12.188 11.905 10.863 5.1336
-999 -999 -999 6.5445 4.7372 10.048 22.662 27.694 34.383 7.4516 2.8478 4.6044 21.984 3.3817 3.2658 5 3.1119 4.4675 60.045 72.912 80.862 81.143 63.679 21.656 3.6569 -999 -999 -999 -999 -999 5.0553
-999 -999 -999 11.208 17.883 11.702 43.308 16.83 22.757 5.6443 25.298 16.927 11.524 4.2471 2.4069 0.85567 4.7623 27.894 69.89 75.447 88.125 87.55 85.04 -999 -999 -999 -999 -999 -999 -999 6.2639
-999 -999 -999 -999 -999 12.213 22.249 10.955 12.824 16.54 15.062 27.531 26.761 3.5183 2.4145 3.0181 3.9342 36.428 72.755 85.343 -999 -999 -999 -999 -999 -999 -999 -999 -999 -999 -999
-999 -999 -999 -999 -999 -999 -999 -999 10.404 17.574 12.678 16.23 8.1291 16.819 9.3213 9.4807 5.2787 18.548 60.126 79.549 -999 -999 -999 -999 -999 -999 -999 -999 -999 -999 -999
-999 -999 -999 -999 -999 -999 -999 4.6475 2.2188 11.896 10.631 3.5754 10.371 6.215 5.7889 8.3413 4.368 4.1889 -999 -999 -999 -999 -999 -999 -999 -999 -999 -999 -999 -999 -999
-999 -999 -999 -999 -999 -999 5.3777 1.4653 1.1785 2.8612 1.5051 8.0039 10.755 1.6491 2.1449 2.7867 4.2229 -999 -999 -999 -999 -999 -999 -999 -999 -999 -999 -999 -999 -999 -999
-999 -999 -999 -999 -999 -999 14.133 2.9342 1.8536 1.5858 3.0656 5.6313 2.8351 0.69581 3.2407 6.3418 4.7471 -999 -999 -999 -999 -999 -999 -999 -999 -999 -999 -999 -999 -999 -999
-999 -999 -999 -999 -999 -999 13.562 8.2321 7.3972 3.8344 10.099 7.239 0.50998 1.1026 4.3538 9.7999 3.6719 -999 -999 -999 -999 -999 -999 -999 -999 -999 -999 -999 -999 -999 -999
-999 -999 -999 -999 -999 -999 -999 0.79795 6.499 6.5997 17.428 3.0849 5.1504 0.33429 0 1.1455 2.8043 -999 -999 -999 -999 -999 -999 -999 -999 -999 -999 -999 -999 -999 -999
-999 -999 -999 -999 -999 -999 -999 -999 2.5857 4.2973 0.6794 5.9517 4.667 0 0 0 0 -999 -999 -999 -999 -999 -999 -999 -999 -999 -999 -999 -999 -999 -999
-999 -999 -999 -999 -999 -999 -999 49.321 29.691 14.241 0 14.841 8.0933 1.3024 0 0 1.1898 -999 -999 -999 -999 -999 -999 -999 -999 -999 -999 -999 -999 -999 -999
-999 -999 -999 -999 -999 -999 -999 12.876 7.7894 21.034 1.855 2.404 7.7142 2.2452 5.077 -999 -999 -999 -999 -999 -999 -999 -999 -999 -999 -999 -999 -999 -999 -999 -999
