PC_RASTER_CASE_STUDY/rain_grids/rn_10815.asc
ncols         31
nrows         25
xllcorner     73.125000
yllcorner     13.125000
cellsize      0.25
NODATA_value  -9999
-999 82.317 4.5122 2.2727 0.44424 0.54505 1.7584 2.0072 -999 -999 -999 -999 -999 -999 -999 -999 -999 -999 -999 -999 -999 -999 -999 -999 -999 -999 -999 -999 -999 -999 -999
-999 54.123 4.7609 2.9237 1.0354 1.4479 3.186 3.6791 7.3076 -999 -999 -999 -999 -999 -999 -999 -999 -999 -999 -999 -999 -999 -999 -999 -999 -999 -999 -999 -999 -999 -999
-999 11.528 4.5271 2.1088 1.097 2.5263 3.6244 6.778 8.6329 8.6965 -999 -999 -999 -999 -999 -999 -999 -999 -999 -999 -999 -999 -999 -999 -999 -999 -999 -999 -999 -999 -999
51.029 11.514 5.5069 1.5346 2.3084 2.9914 3.0773 4.4796 6.2006 9.4397 8.2709 10.625 -999 -999 -999 -999 -999 -999 -999 -999 -999 -999 -999 -999 -999 -999 -999 -999 -999 -999 -999
-999 23.135 9.7747 2.1205 2.4056 2.266 2.4373 3.1536 4.8146 10.951 12.691 17.968 -999 -999 -999 -999 -999 -999 -999 -999 -999 -999 -999 -999 -999 -999 -999 -999 -999 -999 -999
-999 70.952 10.109 4.985 2.9377 2.1613 2.5661 2.7817 4.0876 5.394 21.058 24.383 28.503 26.716 17.738 -999 -999 -999 -999 -999 -999 -999 -999 -999 30.667 26.416 35.85 31.856 30.956 -999 -999
-999 48.025 8.7034 6.8583 4.1195 1.1679 2.3099 1.9618 2.2579 5.0659 6.6656 18.265 17.898 23.439 43.299 24.327 18.845 34.851 60.074 -999 -999 32.51 25.609 18.105 24.487 31.881 38.178 41.076 48.246 -999 -999
-999 -999 12.966 7.1692 4.1928 2.0523 0.89666 0.36246 0.33126 0 3.3386 11.63 6.9847 17.684 29 24.203 15.458 30.729 33.081 43.397 49.197 46.063 35.93 24.129 24.893 41.056 39.788 42.161 50.607 63.38 -999
-999 -999 15.274 8.3853 4.8854 3.1629 1.1999 1.3595 0.77935 0.4438 0.28154 5.4188 6.3049 15.853 4.2808 14.423 15.02 20.958 28.416 25.668 43.869 26.371 28.221 26.21 34.629 43.169 35.85 37.179 44.72 37.172 19.829
-999 -999 16.568 3.1882 2.0163 3.9869 2.0728 4.8719 4.8222 7.9967 0.99869 1.1356 16.646 4.4602 13.762 19.441 6.5062 17.32 20.639 23.612 23.461 25.62 20.944 15.399 28.867 39.676 30.942 27.774 28.775 15.007 9.8444
-999 -999 47.583 12.484 7.4337 4.9954 7.6628 6.7098 3.4692 19.658 13.3 1.9256 3.0862 2.1695 4.202 8.8095 7.3578 9.1064 9.4296 9.6544 13.264 13.519 12.532 11.344 23.186 27.214 24.666 13.344 21.891 7.8874 6.9626
-999 -999 104.78 32.569 7.0366 7.9783 4.0352 3.9092 6.238 18.125 15.928 11.816 3.565 3.6436 6.4448 19.446 5.4556 13.447 10.361 8.713 6.9 13.166 11.515 8.3811 3.458 11.498 16.076 26.878 21.124 12.198 13.148
-999 -999 65 12.749 12.653 7.9574 4.3351 4.6985 4.3598 3.8428 2.909 6.345 8.4159 5.492 10.73 1.1939 3.7135 27.907 15.169 12.45 10.167 11.434 9.2127 4.7419 2.9494 11.761 25.803 37.359 44.564 42.693 18.543
-999 -999 -999 8.4387 33.19 3.7909 5.9652 3.3 2.3244 1.0695 1.0658 3.2054 10.287 3.305 0.67802 0 5.9439 6.8722 34.09 42.503 17.948 11.172 6.1159 3.9762 2.654 -999 -999 -999 -999 -999 99.813
-999 -999 -999 62.701 73.484 8.8716 4.1425 4.5329 2.692 2.0013 0.95812 0.85411 6.8742 14.633 5.6343 5.4495 6.6709 9.8422 20.761 38.231 20.524 16.089 5.0502 -999 -999 -999 -999 -999 -999 -999 80.488
-999 -999 -999 -999 -999 15.809 5.2741 0 1.998 0.63796 1.4112 0.79966 3.4265 1.9418 16.574 8.893 4.9396 5.6141 6.7609 17.398 -999 -999 -999 -999 -999 -999 -999 -999 -999 -999 -999
-999 -999 -999 -999 -999 -999 -999 -999 4.8145 2.2443 1.7036 3.1005 9.6938 2.7715 1.0047 12.11 14.263 22.324 9.0955 4.5276 -999 -999 -999 -999 -999 -999 -999 -999 -999 -999 -999
-999 -999 -999 -999 -999 -999 -999 11.086 2.9083 2.3864 2.9522 3.3877 4.9677 7.8416 3.4097 8.5038 20.075 34.711 -999 -999 -999 -999 -999 -999 -999 -999 -999 -999 -999 -999 -999
-999 -999 -999 -999 -999 -999 13.812 2.5198 3.7518 2.4299 2.8921 1.0085 0.15019 2.4003 3.3061 0.22601 4.8885 -999 -999 -999 -999 -999 -999 -999 -999 -999 -999 -999 -999 -999 -999
-999 -999 -999 -999 -999 -999 35.607 4.8914 2.7191 5.0653 1.8485 2.5994 0 7.7073 1.4308 4.057 2.097 -999 -999 -999 -999 -999 -999 -999 -999 -999 -999 -999 -999 -999 -999
-999 -999 -999 -999 -999 -999 35.848 25.375 6.2837 5.5556 17.224 4.5698 3.0498 0.79011 0 10.935 5.7734 -999 -999 -999 -999 -999 -999 -999 -999 -999 -999 -999 -999 -999 -999
-999 -999 -999 -999 -999 -999 -999 17.554 10.726 0.25019 4.4295 8.94 11.553 4.6609 0 3.2898 6.9249 -999 -999 -999 -999 -999 -999 -999 -999 -999 -999 -999 -999 -999 -999
-999 -999 -999 -999 -999 -999 -999 -999 33.086 9.7624 10.021 5.0245 4.6008 12.689 8.2 3.319 3.065 -999 -999 -999 -999 -999 -999 -999 -999 -999 -999 -999 -999 -999 -999
-999 -999 -999 -999 -999 -999 -999 20.669 23.83 20.676 7.2832 6.1227 4.0545 3.5054 6.8767 5 6.6416 -999 -999 -999 -999 -999 -999 -999 -999 -999 -999 -999 -999 -999 -999
-999 -999 -999 -999 -999 -999 -999 26.138 16.249 21.825 14.016 3.6973 2.4437 2.4625 4.9836 -999 -999 -999 -999 -999 -999 -999 -999 -999 -999 -999 -999 -999 -999 -999 -999
