PC_RASTER_CASE_STUDY/rain_grids/rn_12620.asc
ncols         31
nrows         25
xllcorner     73.125000
yllcorner     13.125000
cellsize      0.25
NODATA_value  -9999
-999 25.081 12.66 8.8386 6.9828 0 0 2.5617 -999 -999 -999 -999 -999 -999 -999 -999 -999 -999 -999 -999 -999 -999 -999 -999 -999 -999 -999 -999 -999 -999 -999
-999 44.991 41.595 25.485 25.957 26 17.18 14.119 4.0335 -999 -999 -999 -999 -999 -999 -999 -999 -999 -999 -999 -999 -999 -999 -999 -999 -999 -999 -999 -999 -999 -999
-999 44.529 33.723 25.839 24.301 23.715 25.541 32.7 32.699 29.572 -999 -999 -999 -999 -999 -999 -999 -999 -999 -999 -999 -999 -999 -999 -999 -999 -999 -999 -999 -999 -999
50.812 33.34 27.868 20.789 18.555 15.583 14.568 32.698 32.7 32.67 32.029 29.2 -999 -999 -999 -999 -999 -999 -999 -999 -999 -999 -999 -999 -999 -999 -999 -999 -999 -999 -999
-999 27.465 20.594 16.919 13.886 12.911 13.217 32.401 32.7 32.7 32.69 32.551 -999 -999 -999 -999 -999 -999 -999 -999 -999 -999 -999 -999 -999 -999 -999 -999 -999 -999 -999
-999 24.968 21.408 14.054 10.674 7.4676 9.6879 31.496 32.695 32.7 32.7 32.699 32.659 31.735 21.589 -999 -999 -999 -999 -999 -999 -999 -999 -999 24.393 10.206 5.3935 0.23245 0.19552 -999 -999
-999 21.319 15.002 5.2674 6.6436 2.9503 7.1589 29.181 32.539 32.699 32.7 32.7 32.681 31.266 12.733 4.7422 7.5637 12.834 16.304 -999 -999 37.027 17.313 33.574 16.289 14.049 13.688 7.5626 0.20808 -999 -999
-999 -999 3.0237 0.35776 0.88519 0.50307 1.226 23.35 31.85 32.675 32.7 32.7 32.618 29.344 9.3048 4.7308 4.6212 4.2658 3.2963 9.1055 14.462 46.725 112.3 31.422 11.915 9.7906 9.2209 20.189 18.044 13.777 -999
-999 -999 2.9682 0.49757 0.29883 0.17903 0.44794 9.3471 29.435 32.444 32.695 32.7 32.446 25.617 5.0148 4.7389 5.1236 5.3803 2.736 1.5915 12.355 29.189 47.348 7.0529 7.5096 4.4571 10.002 16.726 31.034 49.074 15.908
-999 -999 3.8206 0.34128 0.14282 0.18021 0.20461 2.5476 15.239 31.32 32.648 32.7 31.954 15.004 4.9875 4.6776 4.715 4.6387 0 0 5.0651 7.0763 24.996 18.951 20.63 8.168 3.2718 3.4707 5.3431 15.114 9.5818
-999 -999 14.431 0 0 0.18858 0.16186 0.56702 5.8878 26.752 32.442 32.695 29.714 4.5587 4.1712 4.1616 3.8882 0.96984 0 1.6026 5.7809 6.2041 13.788 26.383 40.516 28.472 4.7721 0 0 0.53846 1.0221
-999 -999 12.168 1.7673 0.11168 0.22609 0.18864 0.16116 0.52049 9.0841 31.694 29.986 5.3544 2.218 3.1439 1.4609 1.8798 1.8487 1.3082 6.8926 9.2611 5.2397 5.6417 27.42 53.626 49.129 25.475 15.129 13.785 1.2911 0.37775
-999 -999 20.901 4.3793 0.78137 0.73798 0.50175 0.27339 0.18638 0.28098 13.441 2.2917 2.7081 3.018 3.2442 3.5607 4.4161 3.7909 11.14 10.303 7.1701 5.3435 3.9989 11.527 36.227 39.212 24.943 26.418 40.638 2.9346 0.98076
-999 -999 -999 14.853 18.173 5.065 3.142 1.8852 0.65209 0.2 0.50071 3.3802 3.825 3.7266 3.533 2.3136 2.8372 7.1775 19.994 18.642 19.286 4.989 2.7798 3.2911 2.1156 -999 -999 -999 -999 -999 0.34137
-999 -999 -999 17.079 13.887 8.4186 7.9176 7.1788 5.3106 3.033 3.1412 5.0269 4.9217 4.6628 4.2667 3.9411 1.4809 7.9442 17.336 23.736 8.7492 4.8826 1.945 -999 -999 -999 -999 -999 -999 -999 1.3923
-999 -999 -999 -999 -999 8.0567 7.5604 6.8082 5.4469 3.4801 3.1261 4.3763 4.9164 5.2359 5.6855 7.9493 7.7416 30.888 51.158 31.374 -999 -999 -999 -999 -999 -999 -999 -999 -999 -999 -999
-999 -999 -999 -999 -999 -999 -999 -999 4.7808 3.4 0 1.4792 2.5903 2.9115 5.5212 6.3905 6.7543 17.985 42.535 24.191 -999 -999 -999 -999 -999 -999 -999 -999 -999 -999 -999
-999 -999 -999 -999 -999 -999 -999 5.7842 4.0821 2.8743 0 0.28581 0.85255 0.82294 0.91392 1.8949 6.1985 8.1923 -999 -999 -999 -999 -999 -999 -999 -999 -999 -999 -999 -999 -999
-999 -999 -999 -999 -999 -999 5.6807 4.8549 3.5906 0 0 0 0.21529 0.3253 0.16754 0 6.9058 -999 -999 -999 -999 -999 -999 -999 -999 -999 -999 -999 -999 -999 -999
-999 -999 -999 -999 -999 -999 5.6906 4.2723 3.4 0 0 0 0.11787 0.14465 0 0.82934 3.7825 -999 -999 -999 -999 -999 -999 -999 -999 -999 -999 -999 -999 -999 -999
-999 -999 -999 -999 -999 -999 4.7339 3.55 4.5108 2.3156 0 0.3266 0.50202 0.76053 0.94582 1.5289 5.3321 -999 -999 -999 -999 -999 -999 -999 -999 -999 -999 -999 -999 -999 -999
-999 -999 -999 -999 -999 -999 -999 4.5354 6.5823 4.7182 1.0119 1.3195 1.5129 1.8209 3.5159 2.8918 3.9581 -999 -999 -999 -999 -999 -999 -999 -999 -999 -999 -999 -999 -999 -999
-999 -999 -999 -999 -999 -999 -999 -999 8.6292 6.5603 2.4 2.243 2.4001 3.1178 3.6463 3.3263 7.7673 -999 -999 -999 -999 -999 -999 -999 -999 -999 -999 -999 -999 -999 -999
-999 -999 -999 -999 -999 -999 -999 8.71 10.755 8.6517 2.4 2.4 2.5167 3.0481 3.4899 6.854 9.8885 -999 -999 -999 -999 -999 -999 -999 -999 -999 -999 -999 -999 -999 -999
-999 -999 -999 -999 -999 -999 -999 12.8 12.8 12.8 6.7333 2.4 2.4043 2.6913 3.5478 -999 -999 -999 -999 -999 -999 -999 -999 -999 -999 -999 -999 -999 -999 -999 -999
