PC_RASTER_CASE_STUDY/rain_grids/rn_10814.asc
ncols         31
nrows         25
xllcorner     73.125000
yllcorner     13.125000
cellsize      0.25
NODATA_value  -9999
-999 4.6893 0 0 1.1244 0.71507 0.22801 2.3665 -999 -999 -999 -999 -999 -999 -999 -999 -999 -999 -999 -999 -999 -999 -999 -999 -999 -999 -999 -999 -999 -999 -999
-999 3.3117 0 0 2.2572 2.2293 3.1514 12.349 36.85 -999 -999 -999 -999 -999 -999 -999 -999 -999 -999 -999 -999 -999 -999 -999 -999 -999 -999 -999 -999 -999 -999
-999 1.795 0.30266 0 0.62917 6.6334 14.532 37.203 46.565 25.446 -999 -999 -999 -999 -999 -999 -999 -999 -999 -999 -999 -999 -999 -999 -999 -999 -999 -999 -999 -999 -999
30.55 0.88537 0 0 3.9209 2.6117 9.8655 19.756 24.115 21.914 23.59 26.736 -999 -999 -999 -999 -999 -999 -999 -999 -999 -999 -999 -999 -999 -999 -999 -999 -999 -999 -999
-999 2.071 0 0 5.0191 10.118 18.532 13.021 3.9734 7.3805 17.392 26.977 -999 -999 -999 -999 -999 -999 -999 -999 -999 -999 -999 -999 -999 -999 -999 -999 -999 -999 -999
-999 10.85 0.50772 0.13051 2.0134 11.67 10.894 13.358 3.0737 6.4653 26.173 31.531 27.403 15.594 5.2614 -999 -999 -999 -999 -999 -999 -999 -999 -999 10.839 19.499 13.727 14.357 16.082 -999 -999
-999 7.0941 0.13426 2.3893 31.32 34.707 6.1405 8.8474 2.5588 12.607 6.3167 24.525 16.365 10.761 4.8631 3.7745 16.489 8.5199 4.4732 -999 -999 6.6955 5.0772 14.268 10.55 15.799 15.753 26.895 30.427 -999 -999
-999 -999 0.79836 0.27031 32.418 32.226 11.579 21.987 6.781 18.365 10.158 8.6083 11.115 8.5936 0 12.734 14.804 12.654 7.9369 8.9926 7.4722 9.3809 12.957 13.696 18.114 29.682 31.377 36.871 33.86 32.676 -999
-999 -999 1.1612 1.2992 4.8681 8.6057 11.302 41.958 43.815 35.738 27.621 5.0617 27.291 13.596 0.89688 8.5657 20.818 15.958 10.48 10.818 8.3892 9.1252 12.943 14.092 22.913 29.869 34.525 42.221 31.695 26.536 22.282
-999 -999 1.1986 0.8734 3.1832 5.2574 12.242 49.746 56.342 10.812 14.217 12.559 10.85 36.505 9.4715 8.8881 4.8389 7.6661 11.244 10.731 7.7976 5.9616 10.471 8.6457 14.997 23.672 20.956 18.044 20.114 21.704 20.053
-999 -999 16.379 2.5728 1.8763 5.2527 7.5582 8.2415 27.572 49.84 34.691 16.552 8.2978 79.145 17.822 3.3907 2.7154 15.827 3.4297 7.4547 11.804 15.666 7.5894 6.2506 9.4302 13.879 18.253 14.565 17.274 14.348 16.183
-999 -999 50.438 3.3007 0.74755 2.1641 6.8304 11.427 16.517 30.17 61.439 36.193 12.825 14.428 28.451 14.885 18.234 40.242 8.9904 14.685 40.79 25.08 13.319 7.6893 5.4988 12.379 7.2398 4.2911 14.544 6.6035 2
-999 -999 18.325 2.1514 6.4579 3.5574 6.7848 9.8526 9.6102 14.188 8.2733 31.574 49.019 42.825 32.995 5.6153 32.546 36.32 15.178 6.274 17.799 25.981 13.635 5.8132 4.4188 8.3352 3.8702 1.7522 3.6077 3.8147 1.7061
-999 -999 -999 7.6377 5.8008 4.5884 2.2068 26 10.736 20.678 19.649 29.689 26.412 16.177 30.329 46 58.467 31.009 16.349 15.731 5.7481 3.8726 6.6155 4.6747 0.86576 -999 -999 -999 -999 -999 9.2086
-999 -999 -999 43.884 16.874 1.0012 12.646 7.0505 9.5731 17.014 31.694 68.173 39.549 27.158 34.71 33.982 28.512 22.079 15.632 17.698 7.8485 4.9207 3.7865 -999 -999 -999 -999 -999 -999 -999 5.8243
-999 -999 -999 -999 -999 15.271 16.359 6.6 14.128 12.418 25.446 37.771 17.334 5.0433 17.668 46.119 23.776 13.846 11.476 6.5394 -999 -999 -999 -999 -999 -999 -999 -999 -999 -999 -999
-999 -999 -999 -999 -999 -999 -999 -999 14.681 15.056 14.23 33.281 16.518 15.251 2.2785 6.3756 9.4207 10.884 7.7064 5.2878 -999 -999 -999 -999 -999 -999 -999 -999 -999 -999 -999
-999 -999 -999 -999 -999 -999 -999 11.841 9.7506 6.8424 16.334 11.196 27.456 30.782 15.814 3.6854 8.6311 12.177 -999 -999 -999 -999 -999 -999 -999 -999 -999 -999 -999 -999 -999
-999 -999 -999 -999 -999 -999 16.938 8.4291 9.6339 11.336 12.198 11.129 11.355 29.594 24.683 7.1244 4.5672 -999 -999 -999 -999 -999 -999 -999 -999 -999 -999 -999 -999 -999 -999
-999 -999 -999 -999 -999 -999 18.551 9.5793 6.4614 15.15 10.397 13.769 3.9809 11.893 19.149 7.1738 5.5666 -999 -999 -999 -999 -999 -999 -999 -999 -999 -999 -999 -999 -999 -999
-999 -999 -999 -999 -999 -999 18.544 12.203 6.0822 6.1381 20.814 6.1969 7.4657 7.7469 10.245 0.27484 2.7442 -999 -999 -999 -999 -999 -999 -999 -999 -999 -999 -999 -999 -999 -999
-999 -999 -999 -999 -999 -999 -999 14.406 14.445 6.7896 9.0626 4.0909 8.4378 1.9606 1.3816 3.5132 4.5811 -999 -999 -999 -999 -999 -999 -999 -999 -999 -999 -999 -999 -999 -999
-999 -999 -999 -999 -999 -999 -999 -999 13.565 11.995 13.157 4.4716 13.452 2.3262 11.6 10.669 0.62006 -999 -999 -999 -999 -999 -999 -999 -999 -999 -999 -999 -999 -999 -999
-999 -999 -999 -999 -999 -999 -999 23.563 29.905 16.273 3.389 5.0243 4.5409 9.7442 1.0927 20.2 15.205 -999 -999 -999 -999 -999 -999 -999 -999 -999 -999 -999 -999 -999 -999
-999 -999 -999 -999 -999 -999 -999 33.107 24.805 23.839 6.1116 4.7914 1.3093 2.1677 0.45849 -999 -999 -999 -999 -999 -999 -999 -999 -999 -999 -999 -999 -999 -999 -999 -999
