PC_RASTER_CASE_STUDY/rain_grids/rn_10146.asc
ncols         31
nrows         25
xllcorner     73.125000
yllcorner     13.125000
cellsize      0.25
NODATA_value  -9999
-999 18.547 5.568 15.026 1.5789 1.761 3.8562 5.4805 -999 -999 -999 -999 -999 -999 -999 -999 -999 -999 -999 -999 -999 -999 -999 -999 -999 -999 -999 -999 -999 -999 -999
-999 15.714 6.0519 5.384 2.5492 3.6093 3.7669 3.8309 7.1732 -999 -999 -999 -999 -999 -999 -999 -999 -999 -999 -999 -999 -999 -999 -999 -999 -999 -999 -999 -999 -999 -999
-999 4.4981 1.5559 5.7724 9.6793 8.5331 6.4971 1.7657 4.85 7.7335 -999 -999 -999 -999 -999 -999 -999 -999 -999 -999 -999 -999 -999 -999 -999 -999 -999 -999 -999 -999 -999
0 0.16008 0.23524 6.1275 5.7938 1.1234 12.546 39.985 21.228 1.0718 1.4235 1.991 -999 -999 -999 -999 -999 -999 -999 -999 -999 -999 -999 -999 -999 -999 -999 -999 -999 -999 -999
-999 9.3712 17.774 8.4833 15.701 5.3654 4.799 27.357 6.7837 1.2789 2.1329 2.8086 -999 -999 -999 -999 -999 -999 -999 -999 -999 -999 -999 -999 -999 -999 -999 -999 -999 -999 -999
-999 5.4998 7.6588 6.905 46.148 19.304 4.0884 1.8658 3.8358 3.5435 1.451 0.72437 0.37973 1.231 2.5471 -999 -999 -999 -999 -999 -999 -999 -999 -999 1.5325 1.282 0.9532 0.14079 0 -999 -999
-999 9.0996 3.988 0.36628 0 22.493 12.39 1.0556 1.2538 1.2844 0.13558 0 1.8848 1.0929 0.16099 0.30302 0.2232 2.8273 0.41235 -999 -999 7.7187 14.561 10.557 5.7445 1.9717 1.0051 0.4267 0.98311 -999 -999
-999 -999 3.9303 2.0244 0 15.826 38.295 8.7372 4.7652 4.7735 2.5345 0.18558 0.33797 1.5592 0 5.3043 0.96162 0 0.753 1.3413 1.3979 1.8688 2.3992 5.9173 3.0749 2.2676 2.6998 1.5944 0.80131 0.62737 -999
-999 -999 4.6025 4.5444 7.5548 9.2422 28.211 13.785 7.1704 0.70082 5.817 0.92242 0.4992 0.64783 0 1.9645 1.1775 0 0.69791 0.25397 1.2163 1.3598 0.48523 0.14729 1.841 3.0529 2.6884 2.3371 0.53287 1.4062 11.849
-999 -999 11.112 5.7006 11.943 0 3.8557 6.3245 6.8734 3.1364 15.211 2.1924 0.20741 4.3113 1.6993 8.6875 11.688 0.81334 2.0311 0.31959 1.1428 0.72844 0.29289 0 0.97193 2.4898 3.0747 6.4173 3.7902 7.852 14.75
-999 -999 19.439 4.2956 5.9045 0.19206 27.555 10.415 0.90346 3.8138 1.1907 2.3951 1.0784 9.4049 7.5938 27.154 6.5437 5.8314 8.3715 7.8824 13.381 23.098 12.115 0 0.16106 0.96923 5.0522 15.224 8.9356 11.559 10.571
-999 -999 39.036 10.524 9.1688 8.8089 6.0163 5.8308 0.5336 6.1706 2.3019 4.5668 2.5961 1.8471 15.071 12.552 15.316 8.1091 8.4316 11.389 24.013 30.032 25.513 5.5341 0.66587 0.49064 4.4767 12.009 12.782 16.334 22.223
-999 -999 25.271 8.3216 12.455 17.766 5.2104 2.7926 2.4615 16.978 5.4142 6.4438 33.522 4.4748 5.2001 9.1428 2.1468 6.6286 27.048 21.285 25.257 28.591 19.057 11.1 4.9857 5.5428 6.4557 8.3201 15.355 16.978 13.891
-999 -999 -999 4.2958 9.9105 12.488 10.354 0 3.6045 17.777 16.219 4.7951 16.074 7.656 6.8151 0 10.367 34.945 46.319 45.477 41.662 26.096 14.765 12.222 12.263 -999 -999 -999 -999 -999 53.626
-999 -999 -999 19.809 15.37 5.3742 30.444 14.383 11.131 19.021 21.065 8.9163 18.612 15.464 7.0051 29.689 52.512 55.366 49.446 43.788 47.265 41.575 15.921 -999 -999 -999 -999 -999 -999 -999 35.865
-999 -999 -999 -999 -999 15.049 5.8908 0 21.761 9.8939 15.967 31.225 34.933 33.83 35.471 35.195 48.78 53.415 46.385 45.785 -999 -999 -999 -999 -999 -999 -999 -999 -999 -999 -999
-999 -999 -999 -999 -999 -999 -999 -999 13.636 25.474 6.1873 32.085 49.462 36.089 27.991 48.487 45.19 61.524 52.438 47.852 -999 -999 -999 -999 -999 -999 -999 -999 -999 -999 -999
-999 -999 -999 -999 -999 -999 -999 14.064 5.7886 5.628 6.3591 21.79 17.259 17.449 26.313 53.692 44.218 58.925 -999 -999 -999 -999 -999 -999 -999 -999 -999 -999 -999 -999 -999
-999 -999 -999 -999 -999 -999 5.8878 2.6763 20.765 18.913 58.89 16.683 21.322 29.489 32.196 27.712 28.038 -999 -999 -999 -999 -999 -999 -999 -999 -999 -999 -999 -999 -999 -999
-999 -999 -999 -999 -999 -999 11.82 11.753 21.596 26.505 51.659 25.362 45.799 37.054 32.845 19.261 53.906 -999 -999 -999 -999 -999 -999 -999 -999 -999 -999 -999 -999 -999 -999
-999 -999 -999 -999 -999 -999 0.22039 20.065 13.348 22.546 17.173 22.533 11.036 11.65 2.5054 0.36941 5.5836 -999 -999 -999 -999 -999 -999 -999 -999 -999 -999 -999 -999 -999 -999
-999 -999 -999 -999 -999 -999 -999 16.509 22.266 17.284 28.549 28.715 6.0185 6.2754 6.6204 11.067 12.633 -999 -999 -999 -999 -999 -999 -999 -999 -999 -999 -999 -999 -999 -999
-999 -999 -999 -999 -999 -999 -999 -999 2.338 8.3421 2.8659 18.517 16.027 15.09 20 32.635 67.062 -999 -999 -999 -999 -999 -999 -999 -999 -999 -999 -999 -999 -999 -999
-999 -999 -999 -999 -999 -999 -999 7.1413 2.3757 2.4104 7.8713 12.561 6.0109 14.174 11.163 100.2 17.057 -999 -999 -999 -999 -999 -999 -999 -999 -999 -999 -999 -999 -999 -999
-999 -999 -999 -999 -999 -999 -999 18.438 6.0927 9.1919 9.8382 12.458 1.6997 38.778 13.6 -999 -999 -999 -999 -999 -999 -999 -999 -999 -999 -999 -999 -999 -999 -999 -999
