PC_RASTER_CASE_STUDY/rain_grids/rn_13386.asc
ncols         31
nrows         25
xllcorner     73.125000
yllcorner     13.125000
cellsize      0.25
NODATA_value  -9999
-999 1.0921 2.0377 2.7736 5.8419 14.446 11.533 6.6252 -999 -999 -999 -999 -999 -999 -999 -999 -999 -999 -999 -999 -999 -999 -999 -999 -999 -999 -999 -999 -999 -999 -999
-999 1.4185 1.4113 2.0426 1.2277 3.3844 8.9411 10.216 10.517 -999 -999 -999 -999 -999 -999 -999 -999 -999 -999 -999 -999 -999 -999 -999 -999 -999 -999 -999 -999 -999 -999
-999 1.9303 2.0786 0.56343 1.264 0.84498 3.9919 9.4729 11.996 6.7337 -999 -999 -999 -999 -999 -999 -999 -999 -999 -999 -999 -999 -999 -999 -999 -999 -999 -999 -999 -999 -999
2.8738 5.3649 2.2968 0 0 0 1.2756 2.6087 6.1897 2.3959 5.1747 8.8841 -999 -999 -999 -999 -999 -999 -999 -999 -999 -999 -999 -999 -999 -999 -999 -999 -999 -999 -999
-999 7.2049 1.7522 0 0 1.9422 3.3104 2.0704 6.6816 0.95098 10.567 18.429 -999 -999 -999 -999 -999 -999 -999 -999 -999 -999 -999 -999 -999 -999 -999 -999 -999 -999 -999
-999 7.8531 1.0492 0.1221 0.14301 3.5663 10.36 10.703 4.7387 1.8884 12.719 13.342 11.289 12.05 13.186 -999 -999 -999 -999 -999 -999 -999 -999 -999 15.982 16.101 29.621 53.181 54.512 -999 -999
-999 3.5227 0.19939 0.93896 1.9398 7.2008 10.447 15.006 14.218 0.14423 0.7592 3.0111 5.7235 11.385 16.332 30.286 9.356 23.332 20.664 -999 -999 58.562 45.031 18.67 15.091 15.647 19.652 24.78 30.678 -999 -999
-999 -999 0.20271 0.41368 1.0788 4.7376 28.352 10.579 3.1956 7.3115 8.9619 0.6032 0.9969 8.9419 5.7749 25.171 30.589 37.532 31.465 55.103 67.784 60.445 39.527 21.417 12.591 13.721 17.058 18.583 27.388 29.636 -999
-999 -999 0 0 0.5269 8.4918 25.456 17.847 12.3 8.4898 29.642 0 0.5975 19.336 13.446 16.478 31.546 34.71 27.534 46.943 62.831 52.637 21.566 8.5877 5.2578 9.222 13.92 16.148 20.617 24.186 23.181
-999 -999 0.54315 0.75503 0.60101 2.8954 8.135 13.154 28.627 3.8692 2.8736 6.7517 13.273 13.103 18.613 14.993 21.89 20.849 13.064 17.495 35.45 32.253 10.046 3.417 3.4632 5.4889 9.0328 7.8198 9.3298 7.3748 9.4665
-999 -999 10.806 0 0 0.10791 4.9442 8.5892 44.605 16.591 2.4896 7.6402 15.989 30.36 4.9434 9.172 10.176 3.3809 4.8319 7.8258 16.406 22.357 7.8499 4.8625 3.9581 4.894 4.9365 1.6314 1.692 0.65149 0.56705
-999 -999 43.911 0 3.2594 0 0 15.137 12.496 12.873 12.178 23.663 14.338 0.7156 2.6835 7.6348 2.3228 1.0111 3.8137 3.7743 5.5147 6.1918 6.385 3.5577 3.7009 3.9446 3.7717 1.2392 0.58373 0 0.29809
-999 -999 3.7437 0 0 0 0 5.1146 16.234 18.505 10.817 17.242 15.093 14.376 0.69234 11.333 2.5635 0.2427 0.49673 1.4564 2.2103 2.2383 2.756 3.4591 3.8444 3.4741 2.7019 0.83729 0.24922 0.29602 0.81972
-999 -999 -999 5.8124 0 1.1419 0 0 2.2435 9.8031 19.053 71.91 27.658 1.9695 8.8045 0 1.6011 0.62401 0 0.452 1.3451 1.5345 1.8655 4.3422 6.3351 -999 -999 -999 -999 -999 0.81687
-999 -999 -999 3.8581 1.2959 6.6427 0.8754 2.7028 0.44926 4.3746 24.31 1.4171 12.024 30.559 21.074 7.6282 3.5551 1.3423 0.39573 0.33795 1.8733 1.9745 1.9844 -999 -999 -999 -999 -999 -999 -999 0.76773
-999 -999 -999 -999 -999 1.7657 9.6769 0 1.7085 5.2031 7.247 5.1878 10.851 11.202 10.096 14.439 8.7396 2.1267 1.0537 1.7032 -999 -999 -999 -999 -999 -999 -999 -999 -999 -999 -999
-999 -999 -999 -999 -999 -999 -999 -999 2.5688 9.6968 18.019 5.0693 0.33586 10.944 2.2288 0.8127 0.62297 74.828 29.582 14.299 -999 -999 -999 -999 -999 -999 -999 -999 -999 -999 -999
-999 -999 -999 -999 -999 -999 -999 0.26825 7.9568 12.743 0.89776 7.233 3.7948 0 5.5228 1.075 76.691 130.05 -999 -999 -999 -999 -999 -999 -999 -999 -999 -999 -999 -999 -999
-999 -999 -999 -999 -999 -999 4.9492 1.1156 2.0064 18.527 1.6697 4.494 0.33068 3.2771 3.0378 2.4031 133.61 -999 -999 -999 -999 -999 -999 -999 -999 -999 -999 -999 -999 -999 -999
-999 -999 -999 -999 -999 -999 3.1069 0 2.7977 6.4343 29.008 13.584 0.44771 0 6.9149 10.229 110.28 -999 -999 -999 -999 -999 -999 -999 -999 -999 -999 -999 -999 -999 -999
-999 -999 -999 -999 -999 -999 0.40456 3.9094 2.7345 4.5954 6.3859 15.482 5.676 11.825 16.064 6.1893 13.871 -999 -999 -999 -999 -999 -999 -999 -999 -999 -999 -999 -999 -999 -999
-999 -999 -999 -999 -999 -999 -999 9.6373 5.9378 16.058 8.0276 8.5802 16.697 48.063 26.691 17.247 11.186 -999 -999 -999 -999 -999 -999 -999 -999 -999 -999 -999 -999 -999 -999
-999 -999 -999 -999 -999 -999 -999 -999 1.2871 17.861 2.7671 3.9584 7.2099 31.166 64 10.9 0.20381 -999 -999 -999 -999 -999 -999 -999 -999 -999 -999 -999 -999 -999 -999
-999 -999 -999 -999 -999 -999 -999 8.0629 2.3191 7.7295 0.26746 0.22745 6.5458 43.403 60.465 12 7.7776 -999 -999 -999 -999 -999 -999 -999 -999 -999 -999 -999 -999 -999 -999
-999 -999 -999 -999 -999 -999 -999 22.247 0.50721 8.6603 9.4724 4.8972 3.6246 15.662 20.218 -999 -999 -999 -999 -999 -999 -999 -999 -999 -999 -999 -999 -999 -999 -999 -999
