PC_RASTER_CASE_STUDY/rain_grids/rn_14118.asc
ncols         31
nrows         25
xllcorner     73.125000
yllcorner     13.125000
cellsize      0.25
NODATA_value  -9999
-999 44.337 19.18 0.45003 1.6236 3.0577 2.3459 19.347 -999 -999 -999 -999 -999 -999 -999 -999 -999 -999 -999 -999 -999 -999 -999 -999 -999 -999 -999 -999 -999 -999 -999
-999 36.901 11.876 1.0155 1.9329 1.6222 2.4747 8.4183 15.795 -999 -999 -999 -999 -999 -999 -999 -999 -999 -999 -999 -999 -999 -999 -999 -999 -999 -999 -999 -999 -999 -999
-999 4.7526 0.82461 0.29636 1.1077 0.45863 0.57905 3.7556 13.423 17.829 -999 -999 -999 -999 -999 -999 -999 -999 -999 -999 -999 -999 -999 -999 -999 -999 -999 -999 -999 -999 -999
2.5409 0.75726 0.1025 0 0.37858 0 1.8942 14.597 24.103 22.634 26.903 26.453 -999 -999 -999 -999 -999 -999 -999 -999 -999 -999 -999 -999 -999 -999 -999 -999 -999 -999 -999
-999 3.6401 2.2859 1.8862 1.8941 0.58689 6.6368 21.01 33.231 10.143 5.08 11.677 -999 -999 -999 -999 -999 -999 -999 -999 -999 -999 -999 -999 -999 -999 -999 -999 -999 -999 -999
-999 7.6843 2.0345 1.5723 4.7033 2.5046 2.3149 7.8007 18.581 14.165 17.401 26.897 19.01 63.175 61.662 -999 -999 -999 -999 -999 -999 -999 -999 -999 33.558 30.856 7.63 8.0967 8.8085 -999 -999
-999 11.448 6.3115 0.15708 5.8246 7.9391 2.7368 6.4051 5.5042 10.766 24.548 32.16 28.947 51.476 74.627 34.521 87.367 30.016 34.892 -999 -999 36.277 34.31 37.894 35.94 28.892 22.194 17.839 11.247 -999 -999
-999 -999 1.4382 0 4.8174 6.5388 16.063 30.264 6.7367 5.739 18.443 20.3 22.669 17.651 41.18 51.374 60.601 41.497 83.663 56.882 27.566 35.704 41.177 39.982 33.485 20.042 25.798 16.917 8.5255 1.7716 -999
-999 -999 0.34793 0 0.44086 1.659 13.634 28.064 17.15 5.6003 5.8153 13.092 17.367 15.64 36.504 42.793 58.568 69.964 109.43 91.305 27.918 20.751 37.652 42.564 28.141 16.358 6.8795 2.4718 1.6448 1.1738 1.3623
-999 -999 5.8134 0.3838 0.11477 1.1682 1.8681 7.3792 10.175 11.916 6.0402 16.367 12.037 2.6629 27.366 51.317 36.656 70.382 89.686 76.796 60.968 23.931 38.109 42.614 24.424 12.662 1.0422 3.1658 3.6844 1.7484 2.4291
-999 -999 25.05 2.2458 3.2855 0.1591 1.7581 2.7293 6.292 16.827 11.776 4.7923 4.2025 3.8902 13.24 58.707 45.538 32.324 40.107 37.983 34.222 35.265 36.294 28.781 5.0111 3.2133 2.4934 6.9949 6.0986 3.6318 2.2435
-999 -999 73.882 13.012 2.6911 0.97644 0.18439 3.4207 2.1056 3.4032 3.1437 3.6069 4.1235 2.4467 24.765 41.848 60.014 21.235 15.431 16.431 22.877 35.855 32.625 14.896 5.2037 0.90128 0.88682 11.079 4.5444 10.398 10.557
-999 -999 17.711 8.8725 3.6702 1.125 2.9002 0.2739 2.7653 3.1053 4.68 4.205 5.875 7.034 7.9574 13.249 0 4.7033 9.4677 10.099 9.2135 23.316 11.602 3.4236 3.24 1.341 6.594 10.19 1.5297 1.2269 7.9714
-999 -999 -999 17.61 8.3064 1.5144 7.4109 0 0.18616 1.0935 2.0138 2.7522 2.584 1.5709 5.9977 0.83118 4.6572 3.5006 6.108 6.1864 7.3257 10.067 3.4188 1.9301 0.45943 -999 -999 -999 -999 -999 3.1659
-999 -999 -999 18.439 16.861 7.6361 6.3114 4.4956 1.7625 1.3624 4.2479 3.0872 2.0781 1.7363 1.3162 2.4231 4.5173 4.1082 5.452 5.8995 7.6403 9.4612 8.8821 -999 -999 -999 -999 -999 -999 -999 3.272
-999 -999 -999 -999 -999 6.3238 3.9225 0 6.0255 2.6573 0.90073 2.9028 3.0467 4.3532 0.14837 1.706 1.3079 0.94884 0.68426 1.7843 -999 -999 -999 -999 -999 -999 -999 -999 -999 -999 -999
-999 -999 -999 -999 -999 -999 -999 -999 1.9041 0.9634 1.0604 0 1.8223 15.753 3.8658 4.1947 1.2842 0.61158 0.75922 1.5537 -999 -999 -999 -999 -999 -999 -999 -999 -999 -999 -999
-999 -999 -999 -999 -999 -999 -999 0.83157 1.0517 9.6342 0 3.453 5.3884 8.0201 1.9582 9.6318 6.9182 2.7192 -999 -999 -999 -999 -999 -999 -999 -999 -999 -999 -999 -999 -999
-999 -999 -999 -999 -999 -999 13.022 28.375 17.327 5.3738 8.6838 5.3651 27.188 7.5021 9.184 9.1987 11.172 -999 -999 -999 -999 -999 -999 -999 -999 -999 -999 -999 -999 -999 -999
-999 -999 -999 -999 -999 -999 12.891 2.307 4.275 3.0126 11.523 27.225 24.953 7.3443 7.8977 3.5794 7.5777 -999 -999 -999 -999 -999 -999 -999 -999 -999 -999 -999 -999 -999 -999
-999 -999 -999 -999 -999 -999 11.325 3.7137 7.2628 4.9149 28.67 8.1057 25.913 12.278 10.941 9.4001 3.9739 -999 -999 -999 -999 -999 -999 -999 -999 -999 -999 -999 -999 -999 -999
-999 -999 -999 -999 -999 -999 -999 13.338 23.136 11.026 16.79 13.201 7.6575 3.0629 6.6981 7.8327 6.4427 -999 -999 -999 -999 -999 -999 -999 -999 -999 -999 -999 -999 -999 -999
-999 -999 -999 -999 -999 -999 -999 -999 14.22 5.4574 3.5574 18.343 7.8056 10.835 4.2 9.4685 0.77879 -999 -999 -999 -999 -999 -999 -999 -999 -999 -999 -999 -999 -999 -999
-999 -999 -999 -999 -999 -999 -999 13.274 31.291 32.606 4.216 0.10073 3.5744 7.4946 3.4318 2.7 6.1185 -999 -999 -999 -999 -999 -999 -999 -999 -999 -999 -999 -999 -999 -999
-999 -999 -999 -999 -999 -999 -999 42.908 17.939 14.04 3.0231 10.944 4.5096 4.8105 3.2214 -999 -999 -999 -999 -999 -999 -999 -999 -999 -999 -999 -999 -999 -999 -999 -999
