PC_RASTER_CASE_STUDY/rain_grids/rn_10133.asc
ncols         31
nrows         25
xllcorner     73.125000
yllcorner     13.125000
cellsize      0.25
NODATA_value  -9999
-999 7.7599 15.8 15.514 12.616 13.2 21.574 9.8402 -999 -999 -999 -999 -999 -999 -999 -999 -999 -999 -999 -999 -999 -999 -999 -999 -999 -999 -999 -999 -999 -999 -999
-999 7.702 9.1885 11.602 10.955 15.565 24.366 20.716 25.663 -999 -999 -999 -999 -999 -999 -999 -999 -999 -999 -999 -999 -999 -999 -999 -999 -999 -999 -999 -999 -999 -999
-999 9.3842 10.364 9.3392 7.634 8.5797 14.339 26.811 34.194 22.243 -999 -999 -999 -999 -999 -999 -999 -999 -999 -999 -999 -999 -999 -999 -999 -999 -999 -999 -999 -999 -999
13.654 7.0611 12.186 10.16 9.2538 12.309 16.4 35.296 36.745 15.779 9.6612 4.6834 -999 -999 -999 -999 -999 -999 -999 -999 -999 -999 -999 -999 -999 -999 -999 -999 -999 -999 -999
-999 3.4935 9.8694 11.079 6.3411 5.9102 50.267 58.307 39.2 41.465 29.008 21.704 -999 -999 -999 -999 -999 -999 -999 -999 -999 -999 -999 -999 -999 -999 -999 -999 -999 -999 -999
-999 5.8025 23.915 9.2564 1.6717 4.9761 36.283 62.911 41.059 44.436 30.352 26.542 15.87 19.257 31.442 -999 -999 -999 -999 -999 -999 -999 -999 -999 1.4397 1.3927 4.9575 7.5828 9.5738 -999 -999
-999 9.5858 5.1036 4.8587 10.603 13.898 9.5728 9.6166 6.1689 44.211 33.436 28.68 40.458 39.829 37.05 37.878 33.748 28.427 40.698 -999 -999 11.8 15.021 11.485 5.4406 3.6326 7.3165 12.095 16.257 -999 -999
-999 -999 16.857 15.24 9.9656 13.688 3.7912 6.19 6.0325 8.8421 27.376 26.945 36.412 36.918 19.8 33.157 24.539 50.814 19.729 9.8821 12.551 10.859 5.0532 11.402 23.443 18.286 12.655 9.8672 16.445 19.04 -999
-999 -999 17.506 27.393 17.035 5.813 2.0294 4.9984 6.1281 10.4 12.326 24.405 30.967 24.003 12.745 20.961 20.473 22.616 3.7808 1.0737 10.926 11.149 10.719 11.547 26.285 29.407 13.79 7.2567 12.417 12.091 15.586
-999 -999 22.241 8.7618 8.0952 2.378 1.8025 4.4656 17.79 6.5486 14.254 20.445 24.492 27.606 19.157 30.84 19.042 8.1486 7.4405 0.75801 6.9287 8.0763 16.347 22.124 23.047 21.8 10.448 9.3048 8.7354 12.905 16.502
-999 -999 24.466 38.529 21.075 11.951 8.9078 2.4889 9.5791 10.062 3.4295 11.647 25.838 20.718 24.178 32.171 19.4 15.392 14.7 10.938 0 0 11.533 19.229 16.89 13.415 10.291 12.518 10.873 15.573 14.702
-999 -999 44.162 26.588 19.511 35.883 12.221 15.787 21.082 3.0816 14.885 7.7511 6.3949 8.779 16.385 26.885 21.106 12.974 10.838 1.7793 0 1.065 19.758 31.158 26.083 19.316 32.956 39.465 32.744 20.716 24.75
-999 -999 18.409 11.793 21.018 27.874 13.756 10.332 18.888 11.201 2.5643 2.3696 18.382 13.599 33.77 31.228 24.205 18.807 36.385 7.9529 0 2.8025 34.829 46.676 63.921 65.197 53.567 51.316 58.747 44.97 58.661
-999 -999 -999 11.738 17.344 5.7567 7.1496 2 19.961 21.915 27.125 10.119 17.851 11.642 20.115 0 48.988 44.931 47.917 29.008 34.816 21.65 47.153 53.115 69.403 -999 -999 -999 -999 -999 59.048
-999 -999 -999 35.794 3.7864 11.99 19.097 9.4715 17.164 23.425 2.3318 3.0838 20.238 29.599 27.166 63.393 46.796 58.03 66.454 48.84 25.609 24.871 47.334 -999 -999 -999 -999 -999 -999 -999 62.868
-999 -999 -999 -999 -999 6.5502 8.1655 2.2 32.574 4.0737 1.1239 1.8188 2.5956 12.622 26.461 43.31 42.915 50.867 45.97 35.562 -999 -999 -999 -999 -999 -999 -999 -999 -999 -999 -999
-999 -999 -999 -999 -999 -999 -999 -999 4.1373 22.282 7.0788 2.9988 3.8339 4.66 5.0534 18.843 8.4762 16.249 34.831 28.076 -999 -999 -999 -999 -999 -999 -999 -999 -999 -999 -999
-999 -999 -999 -999 -999 -999 -999 4.3451 12.06 3.3875 7.0407 8.0628 2.8382 5.888 1.1076 15.918 8.6992 7.8896 -999 -999 -999 -999 -999 -999 -999 -999 -999 -999 -999 -999 -999
-999 -999 -999 -999 -999 -999 20.967 0.4991 10.235 3.4713 6.7132 2.2655 0.10617 0.18358 1.238 0.30919 5.2249 -999 -999 -999 -999 -999 -999 -999 -999 -999 -999 -999 -999 -999 -999
-999 -999 -999 -999 -999 -999 19.893 23.405 21.837 15.273 24.385 30.013 0 1.2432 1.1753 0.69149 3.7584 -999 -999 -999 -999 -999 -999 -999 -999 -999 -999 -999 -999 -999 -999
-999 -999 -999 -999 -999 -999 0.98598 15.368 2.3395 12.532 15.739 7.6643 1.1525 0.11957 1.2527 0 0 -999 -999 -999 -999 -999 -999 -999 -999 -999 -999 -999 -999 -999 -999
-999 -999 -999 -999 -999 -999 -999 0.75917 2.738 32.714 17.852 11.934 1.333 12.599 5.2498 1.0637 0 -999 -999 -999 -999 -999 -999 -999 -999 -999 -999 -999 -999 -999 -999
-999 -999 -999 -999 -999 -999 -999 -999 2.6733 2.1469 3.6615 8.5707 16.165 7.0056 25.6 3.0329 0.62439 -999 -999 -999 -999 -999 -999 -999 -999 -999 -999 -999 -999 -999 -999
-999 -999 -999 -999 -999 -999 -999 8.1976 4.3578 19.809 14.414 23.951 6.3451 13.918 11.009 20.6 5.2904 -999 -999 -999 -999 -999 -999 -999 -999 -999 -999 -999 -999 -999 -999
-999 -999 -999 -999 -999 -999 -999 13.976 1.5181 6.0065 5.0421 21.482 35.07 15.846 16.811 -999 -999 -999 -999 -999 -999 -999 -999 -999 -999 -999 -999 -999 -999 -999 -999
