PC_RASTER_CASE_STUDY/rain_grids/rn_11174.asc
ncols         31
nrows         25
xllcorner     73.125000
yllcorner     13.125000
cellsize      0.25
NODATA_value  -9999
-999 3.6464 0.78949 0.73453 0 0 0 0 -999 -999 -999 -999 -999 -999 -999 -999 -999 -999 -999 -999 -999 -999 -999 -999 -999 -999 -999 -999 -999 -999 -999
-999 5.164 0.1054 0 0 0.48636 0 0 0 -999 -999 -999 -999 -999 -999 -999 -999 -999 -999 -999 -999 -999 -999 -999 -999 -999 -999 -999 -999 -999 -999
-999 5.2603 2.1951 1.3094 0.25719 5.4491 4.2683 0 0 4.1157 -999 -999 -999 -999 -999 -999 -999 -999 -999 -999 -999 -999 -999 -999 -999 -999 -999 -999 -999 -999 -999
20.098 10.172 7.5602 6.2178 3.4088 0.54247 2.1434 0 0 7.1509 1.575 1.8659 -999 -999 -999 -999 -999 -999 -999 -999 -999 -999 -999 -999 -999 -999 -999 -999 -999 -999 -999
-999 18.03 7.2359 5.5698 1.6165 0.57108 0 0 0 2.4542 5.6783 7.3559 -999 -999 -999 -999 -999 -999 -999 -999 -999 -999 -999 -999 -999 -999 -999 -999 -999 -999 -999
-999 63.471 8.7708 3.055 3.4555 6.0569 2.4721 0.34558 1.8827 3.5299 5.0713 3.1461 6.9764 13.493 9.824 -999 -999 -999 -999 -999 -999 -999 -999 -999 96.594 96.992 82.89 62.632 73.006 -999 -999
-999 81.656 9.8818 7.4696 19.577 37.951 11.416 4.6714 1.6834 5.3659 7.41 2.9549 18.123 29.914 24.616 8.9597 4.4353 27.743 64.579 -999 -999 12.894 5.6368 25.115 67.587 76.774 72.275 65.836 82.206 -999 -999
-999 -999 12.113 10.175 18.591 29.464 11.539 12.989 3.3593 1.3745 6.6527 3.2476 1.9209 21.507 31.099 30.814 15.244 11.332 19.965 13.393 12.652 15.816 27.827 19.401 18.3 40.374 19.153 30.375 65.909 81.305 -999
-999 -999 12.904 5.4173 8.9717 13.843 10.858 20.343 12.462 0.62141 2.8626 9.3364 13.038 11.105 30.608 32.542 18.263 23.315 23.895 43.348 17.623 16.153 25.962 27.146 20.727 20.292 12.525 9.9 49.852 54.153 28.32
-999 -999 59.243 31.563 16.467 16.915 23.668 47.457 23.323 13.788 26.73 12.644 3.9466 5.1173 8.5495 24.671 68.481 45.69 30.719 52.34 35.984 28.664 19.639 14.988 21.053 22.215 17.379 10.437 13.332 20.354 16.422
-999 -999 71.015 52.304 37.54 28.758 25.257 15.538 20.983 18.797 7.1714 14.155 9.5559 10.868 0.26736 20.033 9.9354 24.705 18.683 17.91 24.88 17.921 18.471 16.307 19.984 22.182 18.988 11.276 9.6453 7.2628 8.0042
-999 -999 128.93 53.571 45.203 36.271 27.867 44.741 17.664 5.1021 6.5066 4.9443 2.7606 2.8967 6.3045 9.6819 4.6176 12.26 17.841 12.366 13.09 15.789 14.948 13.86 10.618 15.895 61.189 44.86 23.491 6.7428 3.3569
-999 -999 79.72 39.001 40.881 49.203 45.838 37.507 45.275 31.023 13.874 10.267 3.1364 11.05 3.1653 3.9451 5.7483 14.723 13.526 10.876 13.803 15.491 14.31 11.947 8.7723 36.413 87.792 79.166 34.108 43.41 15.873
-999 -999 -999 41.097 59.156 30.05 36.588 35.8 29.188 28.946 31.2 28.848 8.2253 12.506 18.485 13 9.3374 8.6149 8.1471 8.5763 9.3492 14.82 12.949 12.349 9.0514 -999 -999 -999 -999 -999 25.548
-999 -999 -999 169.33 102.44 19.445 21.562 42.231 28.792 18.259 20.709 13.03 9.4419 8.3375 23.225 14.901 10.344 7.6834 7.6746 8.2304 10.6 11.593 8.9926 -999 -999 -999 -999 -999 -999 -999 22.412
-999 -999 -999 -999 -999 63.431 23.149 12 21.611 21.391 7.5454 16.852 15.763 11.633 27.598 18.137 16.914 7.5204 7.2763 8.7921 -999 -999 -999 -999 -999 -999 -999 -999 -999 -999 -999
-999 -999 -999 -999 -999 -999 -999 -999 18.022 17.119 10.762 16.462 14.443 25.645 14.323 16.036 22.256 17.599 10.353 10.411 -999 -999 -999 -999 -999 -999 -999 -999 -999 -999 -999
-999 -999 -999 -999 -999 -999 -999 12.204 14.184 15.758 17.206 12.706 14.694 23.4 15.593 13.757 19.506 18.631 -999 -999 -999 -999 -999 -999 -999 -999 -999 -999 -999 -999 -999
-999 -999 -999 -999 -999 -999 50.131 19.524 12.51 10.971 15.381 24.296 22.496 11.698 13.219 17.651 11.479 -999 -999 -999 -999 -999 -999 -999 -999 -999 -999 -999 -999 -999 -999
-999 -999 -999 -999 -999 -999 59.511 23.877 16.482 15.347 10.039 9.3267 16.687 16.601 12.102 12.954 8.6426 -999 -999 -999 -999 -999 -999 -999 -999 -999 -999 -999 -999 -999 -999
-999 -999 -999 -999 -999 -999 59.947 53.766 19.718 12.068 5.6754 13.065 7.6542 8.4354 14.163 15.823 12.068 -999 -999 -999 -999 -999 -999 -999 -999 -999 -999 -999 -999 -999 -999
-999 -999 -999 -999 -999 -999 -999 23.988 16.96 9.4067 6.0403 6.8598 5.8804 5.467 11.734 12.506 12.249 -999 -999 -999 -999 -999 -999 -999 -999 -999 -999 -999 -999 -999 -999
-999 -999 -999 -999 -999 -999 -999 -999 40.938 10.211 19.08 9.3208 6.5284 33.863 11.8 11.824 10.425 -999 -999 -999 -999 -999 -999 -999 -999 -999 -999 -999 -999 -999 -999
-999 -999 -999 -999 -999 -999 -999 17.913 56.364 32.853 9.3377 4.1772 3.1847 1.4145 0.58753 5.4 0.21955 -999 -999 -999 -999 -999 -999 -999 -999 -999 -999 -999 -999 -999 -999
-999 -999 -999 -999 -999 -999 -999 36.617 30.025 42.991 3.7323 5.0724 1.4828 1.2283 1.7551 -999 -999 -999 -999 -999 -999 -999 -999 -999 -999 -999 -999 -999 -999 -999 -999
