PC_RASTER_CASE_STUDY/rain_grids/rn_11545.asc
ncols         31
nrows         25
xllcorner     73.125000
yllcorner     13.125000
cellsize      0.25
NODATA_value  -9999
-999 45.213 3.1748 2.5403 1.9352 0.37702 0.98802 7.0354 -999 -999 -999 -999 -999 -999 -999 -999 -999 -999 -999 -999 -999 -999 -999 -999 -999 -999 -999 -999 -999 -999 -999
-999 70.506 6.343 2.5204 1.6222 1.2754 0.94246 6.0207 5.554 -999 -999 -999 -999 -999 -999 -999 -999 -999 -999 -999 -999 -999 -999 -999 -999 -999 -999 -999 -999 -999 -999
-999 43.925 10.249 3.895 0.37791 2.7303 1.6519 0.16691 1.4834 29.334 -999 -999 -999 -999 -999 -999 -999 -999 -999 -999 -999 -999 -999 -999 -999 -999 -999 -999 -999 -999 -999
138.05 40.223 10.354 13.428 4.135 4.3092 3.119 0 7.7691 19.037 14.515 15.215 -999 -999 -999 -999 -999 -999 -999 -999 -999 -999 -999 -999 -999 -999 -999 -999 -999 -999 -999
-999 88.412 24.786 16.776 5.3156 4.7073 3.3658 3.6182 21.575 40.78 32.38 26.408 -999 -999 -999 -999 -999 -999 -999 -999 -999 -999 -999 -999 -999 -999 -999 -999 -999 -999 -999
-999 113.35 17.722 12.025 3.778 3.9982 1.4195 3.2809 20.486 23.053 21.578 19.112 15.906 13.269 8.684 -999 -999 -999 -999 -999 -999 -999 -999 -999 0.28807 0.83713 2.089 8.6162 11.317 -999 -999
-999 91.209 55.511 11.566 2.5487 1.365 0.25784 0.1651 2.2941 18.718 13.611 12.862 21.261 20.256 19.944 12.225 13.272 14.397 17.241 -999 -999 4.1802 2.1691 0.17701 0.55503 0.75443 4.7322 9.0484 10.13 -999 -999
-999 -999 23.051 12.25 1.6651 1.5354 0.22472 0 0 0 7.7282 5.3546 13.301 19.594 26.901 16.921 22.504 6.1942 23.692 19.644 11.134 9.0642 4.8192 2.2576 4.0531 4.2074 4.8679 5.7962 8.1685 10.06 -999
-999 -999 22.105 9.5672 6.2186 2.643 0.99006 1.2944 1.379 0 0.37539 4.102 9.4986 9.9482 14.691 21.219 20.495 22.254 29.457 24.953 14.409 10.416 4.3234 3.8636 6.7576 7.9518 3.405 0.17205 3.5149 1.7997 5.2186
-999 -999 49.755 21.851 13.137 5.21 6.3468 3.3349 1.9998 3.3117 6.2063 3.5962 12.581 3.4928 18.055 10.558 8.8053 24.096 25.586 22.424 19.532 14.889 6.6778 3.0124 4.4111 7.3087 5.3346 2.4397 2.9058 2.4382 5.0615
-999 -999 83.171 44.171 22.788 15.11 11.467 1.3244 0.27697 9.6563 1.554 4.0022 11.572 10.886 9.5053 32.234 15.946 21.531 28.495 27.369 16.64 14.835 10.948 5.9079 4.457 5.3368 5.0182 2.1209 2.6317 0.59069 0.67685
-999 -999 161.84 65.423 24.305 8.6649 3.6618 5.2828 17.34 5.404 7.2154 5.4148 7.7347 10.284 17.085 16.37 4.6093 11.622 27.581 14.688 12.493 14.928 12.607 6.5611 4.1256 3.7317 1.4023 0.73037 0.72707 0.38991 0.1046
-999 -999 89.506 38.025 35.881 7.8299 3.8686 4.9609 14.124 0.73281 1.0117 3.6657 10.394 19.237 22.394 7.1463 15.558 11.26 10.806 14.374 16.797 14.832 14.339 11.278 5.0483 3.1738 1.3722 0.80131 0.10266 0.53649 0.93325
-999 -999 -999 14.963 31.932 14.293 11.476 2 1.5092 2.1232 2.0691 2.913 3.0167 7.5388 11.992 8 12.33 10.144 6.6264 10.17 16.736 16.313 13.946 13.266 8.0161 -999 -999 -999 -999 -999 0
-999 -999 -999 131.4 94.237 16.018 17.246 9.0995 5.2079 15.786 0.98103 0.71569 0.21207 1.666 0.42449 14.287 11.306 7.1772 6.925 6.5609 6.0048 8.6607 10.45 -999 -999 -999 -999 -999 -999 -999 0.35283
-999 -999 -999 -999 -999 52.653 39.878 0 8.1008 3.8052 0.21873 1.0336 0.93689 6.4014 3.0804 8.7334 9.4959 7.4871 7.5935 4.7064 -999 -999 -999 -999 -999 -999 -999 -999 -999 -999 -999
-999 -999 -999 -999 -999 -999 -999 -999 12.265 11.188 1.3729 3.2398 3.0797 0 2.3709 4.5479 3.4199 3.6225 5.4027 2.857 -999 -999 -999 -999 -999 -999 -999 -999 -999 -999 -999
-999 -999 -999 -999 -999 -999 -999 12.238 6.9855 3.7243 2.0136 3.7815 3.3762 4.2332 3.6845 1.5234 2.4737 2.459 -999 -999 -999 -999 -999 -999 -999 -999 -999 -999 -999 -999 -999
-999 -999 -999 -999 -999 -999 94.385 21.881 13.473 17.714 13.241 3.7945 5.1033 3.2754 3.8136 2.0717 2.0299 -999 -999 -999 -999 -999 -999 -999 -999 -999 -999 -999 -999 -999 -999
-999 -999 -999 -999 -999 -999 125.71 75.97 28.009 37.932 8.1872 0.39002 10.082 3.5266 2.6579 1.1654 1.0546 -999 -999 -999 -999 -999 -999 -999 -999 -999 -999 -999 -999 -999 -999
-999 -999 -999 -999 -999 -999 79.56 33.582 19.419 6.6061 52.484 6.4931 8.4252 2.6317 5.139 0 0 -999 -999 -999 -999 -999 -999 -999 -999 -999 -999 -999 -999 -999 -999
-999 -999 -999 -999 -999 -999 -999 35.888 11.592 2.7344 8.2451 1.9066 13.013 0.80182 0.72174 1.1307 0.45677 -999 -999 -999 -999 -999 -999 -999 -999 -999 -999 -999 -999 -999 -999
-999 -999 -999 -999 -999 -999 -999 -999 47.002 9.6116 14.282 1.4707 1.9367 0.84212 0.8 2.7562 0 -999 -999 -999 -999 -999 -999 -999 -999 -999 -999 -999 -999 -999 -999
-999 -999 -999 -999 -999 -999 -999 26.725 54.027 20.275 5.829 0.78069 1.0716 0 0.45235 0 2.5962 -999 -999 -999 -999 -999 -999 -999 -999 -999 -999 -999 -999 -999 -999
-999 -999 -999 -999 -999 -999 -999 45.184 66.058 50.511 0.57762 1.1982 1.8451 4.634 0 -999 -999 -999 -999 -999 -999 -999 -999 -999 -999 -999 -999 -999 -999 -999 -999
