PC_RASTER_CASE_STUDY/rain_grids/rn_13329.asc
ncols         31
nrows         25
xllcorner     73.125000
yllcorner     13.125000
cellsize      0.25
NODATA_value  -9999
-999 38.861 1.2685 0.38563 1.336 1.1366 1 0 -999 -999 -999 -999 -999 -999 -999 -999 -999 -999 -999 -999 -999 -999 -999 -999 -999 -999 -999 -999 -999 -999 -999
-999 82.428 35.813 1.3046 1.9549 1.7006 0.94761 2.5228 6.599 -999 -999 -999 -999 -999 -999 -999 -999 -999 -999 -999 -999 -999 -999 -999 -999 -999 -999 -999 -999 -999 -999
-999 120.31 117.78 9.2545 2.4207 3.4465 3.4351 10.811 12.728 11.221 -999 -999 -999 -999 -999 -999 -999 -999 -999 -999 -999 -999 -999 -999 -999 -999 -999 -999 -999 -999 -999
177.06 272.96 124.66 22.416 6.0534 4.0593 5.8178 11.778 13.169 12.355 8.7478 7.438 -999 -999 -999 -999 -999 -999 -999 -999 -999 -999 -999 -999 -999 -999 -999 -999 -999 -999 -999
-999 362.02 96.771 37.585 15.91 5.696 5.4336 14.772 18.689 27.413 21.005 17.953 -999 -999 -999 -999 -999 -999 -999 -999 -999 -999 -999 -999 -999 -999 -999 -999 -999 -999 -999
-999 336.7 85.725 39.026 6.3769 7.5445 3.7861 11.203 34.931 34.336 19.168 17.184 9.1857 6.8251 7.2597 -999 -999 -999 -999 -999 -999 -999 -999 -999 0.3569 0.42624 4.8337 12.265 11.549 -999 -999
-999 194.85 60.116 37.368 13.119 12.276 4.6027 7.0407 17.962 24.517 33.381 22.734 19.059 26.761 34.783 11.861 22.36 16.934 26.905 -999 -999 2.5823 0.8011 0.40439 0.25795 0 0.66301 1.0631 1.5157 -999 -999
-999 -999 120.35 60.26 15.559 9.2839 6.8577 6.9512 23.48 19.467 24.594 15.891 14.525 26.725 28.721 19.837 13.137 20.574 21.757 9.2431 1.7168 1.8988 1.5219 1.319 0.65669 0.55707 0.41975 0.98126 0.43626 0 -999
-999 -999 140.71 74.684 51.856 13.117 6.1433 4.6975 12.166 10.822 3.0802 3.7033 7.4517 12.368 18.531 16.907 16.418 19.83 15.242 5.961 2.5162 1.6598 1.7551 1.7875 1.4913 1.3591 1.4596 0.11972 1.328 1.4335 1.2081
-999 -999 118.18 80.202 53.365 17.258 8.0856 3.8209 2.6616 0 0.61891 2.471 2.871 1.897 6.1412 12.893 11.833 10.761 4.9056 3.4777 2.2648 1.7534 1.7303 1.965 1.8304 1.7386 4.2956 7.0058 6.7854 7.3972 6.8739
-999 -999 153.31 126.17 41.458 20.37 15.117 6.932 3.7205 0.40818 0.47107 2.3137 3.1593 3.1393 0.81273 6.1678 8.6654 4.0103 2.063 1.9681 1.756 1.7507 1.341 1.3865 0.77032 1.1335 6.432 11.482 10.871 9.55 10.023
-999 -999 240.12 132.92 30.216 14.245 4 2.1466 2.7336 12.793 8.996 3.4573 4.0359 1.4731 2.6332 4.9647 8.117 7.1281 3.2241 3.2902 3.6606 2.0147 0.85226 0.74325 0.17759 0.57276 3.5848 9.4011 9.9188 9.0249 9.5395
-999 -999 154.06 78.701 35.434 21.855 7.1921 4.2557 2.3604 1.3383 11.84 2.5602 5.758 4.9146 7.4956 5.6989 14.524 5.1793 9.6779 8.4277 7.3495 7.5717 1.935 0.8376 0.46727 0.78734 3.5909 5.6896 5.0452 7.8551 10.52
-999 -999 -999 96.55 58.837 15.451 36.911 0 0.30392 3.1606 4.0889 2.1434 1.9179 2.2156 4.3646 6 5.84 7.4105 11.258 11.576 10.308 10.198 7.4064 2.1808 0.27286 -999 -999 -999 -999 -999 9.5454
-999 -999 -999 196.68 69.92 67.159 15.352 5.9231 0.92889 15.988 3.3387 0 0 0 3.4267 8.73 7.9129 10.306 11.484 11.822 10.093 10.228 9.6342 -999 -999 -999 -999 -999 -999 -999 7.7896
-999 -999 -999 -999 -999 93.468 17.043 0 1.5568 1.1415 1.5895 0 0 1.3339 2.7438 2.5246 4.3805 10.215 10.738 10.308 -999 -999 -999 -999 -999 -999 -999 -999 -999 -999 -999
-999 -999 -999 -999 -999 -999 -999 -999 5.512 0.53317 0 0.10491 0.60314 3.4002 0.45767 0 0 0.59158 8.8783 9.7912 -999 -999 -999 -999 -999 -999 -999 -999 -999 -999 -999
-999 -999 -999 -999 -999 -999 -999 17.899 1.845 52.128 3.3017 5.4125 2.8375 4.4105 0.65154 0 0.60735 1.0325 -999 -999 -999 -999 -999 -999 -999 -999 -999 -999 -999 -999 -999
-999 -999 -999 -999 -999 -999 112.37 13.426 15.327 10.743 10.691 10.97 5.3774 6.6182 4.5868 1.0773 2.0065 -999 -999 -999 -999 -999 -999 -999 -999 -999 -999 -999 -999 -999 -999
-999 -999 -999 -999 -999 -999 149.85 45.033 36.037 20.099 6.8091 7.0102 0.29399 3.5862 4.1686 6.2703 2.9112 -999 -999 -999 -999 -999 -999 -999 -999 -999 -999 -999 -999 -999 -999
-999 -999 -999 -999 -999 -999 116.27 41.55 29.509 10.608 89.369 15.866 10.027 1.6289 3.7508 8.7649 1.4037 -999 -999 -999 -999 -999 -999 -999 -999 -999 -999 -999 -999 -999 -999
-999 -999 -999 -999 -999 -999 -999 49.969 14.411 12.728 24.935 9.6981 19.265 9.9588 5.0624 4.1256 2.8506 -999 -999 -999 -999 -999 -999 -999 -999 -999 -999 -999 -999 -999 -999
-999 -999 -999 -999 -999 -999 -999 -999 103.33 54.997 23.673 14.687 25.026 6.8084 14 3.3359 2.7055 -999 -999 -999 -999 -999 -999 -999 -999 -999 -999 -999 -999 -999 -999
-999 -999 -999 -999 -999 -999 -999 33.991 60.737 41.242 15.664 11.472 4.2342 6.3109 6.0821 10.4 2.0807 -999 -999 -999 -999 -999 -999 -999 -999 -999 -999 -999 -999 -999 -999
-999 -999 -999 -999 -999 -999 -999 58.766 160.63 37.313 4.3116 2.587 0 5.3599 3.4676 -999 -999 -999 -999 -999 -999 -999 -999 -999 -999 -999 -999 -999 -999 -999 -999
