PC_RASTER_CASE_STUDY/rain_grids/rn_14470.asc
ncols         31
nrows         25
xllcorner     73.125000
yllcorner     13.125000
cellsize      0.25
NODATA_value  -9999
-999 8.8719 0.10667 0.51551 4.3381 8.7333 17.327 10.565 -999 -999 -999 -999 -999 -999 -999 -999 -999 -999 -999 -999 -999 -999 -999 -999 -999 -999 -999 -999 -999 -999 -999
-999 2.6689 1.5709 1.9105 6.3501 9.9266 27.527 24.744 31.099 -999 -999 -999 -999 -999 -999 -999 -999 -999 -999 -999 -999 -999 -999 -999 -999 -999 -999 -999 -999 -999 -999
-999 1.8022 2.67 0.44082 0.44192 4.6997 26.778 38.719 37.981 45.184 -999 -999 -999 -999 -999 -999 -999 -999 -999 -999 -999 -999 -999 -999 -999 -999 -999 -999 -999 -999 -999
13.104 0.20207 0.35579 0 0 0.65869 28.865 39.38 40.596 75.306 101.66 94.916 -999 -999 -999 -999 -999 -999 -999 -999 -999 -999 -999 -999 -999 -999 -999 -999 -999 -999 -999
-999 17.326 0.45886 0.13958 5.3138 13.843 24.066 13.957 44.928 116.1 108.84 100.68 -999 -999 -999 -999 -999 -999 -999 -999 -999 -999 -999 -999 -999 -999 -999 -999 -999 -999 -999
-999 24.089 1.6097 1.9212 11.911 16.638 21.281 15.94 85.109 85.525 79.52 71.972 77.975 31.696 27.62 -999 -999 -999 -999 -999 -999 -999 -999 -999 12.104 19.858 20.399 31.121 32.211 -999 -999
-999 19.232 4.6768 4.5081 12.493 14.19 19.856 25.291 59.846 47.048 33.557 25.399 29.699 55.545 27.316 19.7 55.293 42.044 18.829 -999 -999 1.7434 15.179 20.082 17.534 17.038 14.738 15.993 11.954 -999 -999
-999 -999 3.7674 2.183 11.907 9.531 17.804 40.326 36.289 36.023 25.203 3.8312 7.7539 21.128 28.674 26.166 36.156 53.661 11.642 8.035 0 4.3848 14.814 29.209 29.794 17.867 15.338 20.286 21.244 6.9184 -999
-999 -999 0.10244 0.12409 5.4553 11.77 22.313 59.822 47.366 25.8 24.405 15.93 11.24 25.393 29.469 14.389 34.816 17.177 10.512 11.278 0.51053 1.6649 39.016 58.234 26.465 16.9 21.211 33.68 31.397 32.065 30.275
-999 -999 5.4673 1.909 2.2606 3.9664 16.007 68.368 58.44 21.592 21.756 47.175 24.56 21.547 13.562 10.911 7.2056 19.895 19.425 4.2001 5.4285 9.1969 32.217 4.7563 7.2695 9.7286 4.0647 2.3705 15.445 30.908 19.163
-999 -999 8.4596 0.98019 1.9318 1.2841 6.7376 15.659 8.4541 19.945 20.492 44.454 38.6 31.891 1.6928 22.959 1.6686 12.593 41.351 28.666 11.655 22.032 40.164 12.324 1.0703 1.4365 0.23831 0 2.2372 7.0315 6.4061
-999 -999 27.798 0.58343 1.9924 2.5024 3.3053 3.5219 3.9794 14.543 14.038 29.411 22.749 24.505 33.051 10.85 1.6429 5.1724 22.151 12.942 7.8768 22.894 27.409 9.075 3.9597 1.8295 0.98718 2.7717 20.043 19.421 7.6958
-999 -999 54.163 2.0439 1.4537 2.7287 4.1758 3.735 6.1122 28.557 22.119 23.817 1.5943 14.516 28.509 9.038 5.264 13.021 17.847 9.5339 4.4263 7.7601 16.761 11.738 12.64 4.2586 2.5083 4.8764 5.124 14.528 5.7897
-999 -999 -999 0.61669 0.88614 6.4656 5.1249 10.335 21.176 63.639 76.673 83.56 67.641 36.249 18.33 14.337 6.3351 13.167 33.748 19.021 5.5271 12.36 8.6477 15.169 17.6 -999 -999 -999 -999 -999 7.4122
-999 -999 -999 7.2308 3.0806 23.884 7.4595 3.1536 8.6746 43.768 38.435 47.671 83.953 30.944 20.13 17.634 7.0432 19.516 53.178 36.447 7.8617 12.306 4.1966 -999 -999 -999 -999 -999 -999 -999 5.3264
-999 -999 -999 -999 -999 0.2651 0 0.2588 4.8806 46.636 30.706 54.889 83.23 54.739 38.557 40.645 35.932 67.992 109.51 30.996 -999 -999 -999 -999 -999 -999 -999 -999 -999 -999 -999
-999 -999 -999 -999 -999 -999 -999 -999 7.2952 13.319 12.001 65.809 66.538 51.941 58.475 30.436 31.286 44.046 85.285 39.502 -999 -999 -999 -999 -999 -999 -999 -999 -999 -999 -999
-999 -999 -999 -999 -999 -999 -999 0 3.8429 4.1779 5.6625 32.889 26.239 35.65 70.334 78.253 23.294 12.347 -999 -999 -999 -999 -999 -999 -999 -999 -999 -999 -999 -999 -999
-999 -999 -999 -999 -999 -999 0.93165 0 0 0.48494 4.3857 46.338 36.991 8.2944 18.417 78.577 44.611 -999 -999 -999 -999 -999 -999 -999 -999 -999 -999 -999 -999 -999 -999
-999 -999 -999 -999 -999 -999 0.582 0 0 0 0 0.55489 1.6005 1.668 20.569 43.076 47.362 -999 -999 -999 -999 -999 -999 -999 -999 -999 -999 -999 -999 -999 -999
-999 -999 -999 -999 -999 -999 2.0477 0 0 0.82066 0.17401 0.17128 0.37963 2.4985 0 6.0263 1.5925 -999 -999 -999 -999 -999 -999 -999 -999 -999 -999 -999 -999 -999 -999
-999 -999 -999 -999 -999 -999 -999 34.318 27.718 4.1983 1.8511 1.6046 0.92017 0 0 0 0 -999 -999 -999 -999 -999 -999 -999 -999 -999 -999 -999 -999 -999 -999
-999 -999 -999 -999 -999 -999 -999 -999 14.536 17.529 2.6839 1.3782 0.30615 0 0 1.1284 6.9764 -999 -999 -999 -999 -999 -999 -999 -999 -999 -999 -999 -999 -999 -999
-999 -999 -999 -999 -999 -999 -999 18.07 7.4595 13.108 0 0.10331 0 0 0.36586 20.485 17.398 -999 -999 -999 -999 -999 -999 -999 -999 -999 -999 -999 -999 -999 -999
-999 -999 -999 -999 -999 -999 -999 5.6105 4.8628 8.7428 4.9406 2.5028 0 0 0.12247 -999 -999 -999 -999 -999 -999 -999 -999 -999 -999 -999 -999 -999 -999 -999 -999
