PC_RASTER_CASE_STUDY/rain_grids/rn_11238.asc
ncols         31
nrows         25
xllcorner     73.125000
yllcorner     13.125000
cellsize      0.25
NODATA_value  -9999
-999 24.154 20.54 28.995 20.682 19.968 18.944 5.5524 -999 -999 -999 -999 -999 -999 -999 -999 -999 -999 -999 -999 -999 -999 -999 -999 -999 -999 -999 -999 -999 -999 -999
-999 5.1742 6.0402 16.162 16.37 15.424 13.929 9.1435 6.9266 -999 -999 -999 -999 -999 -999 -999 -999 -999 -999 -999 -999 -999 -999 -999 -999 -999 -999 -999 -999 -999 -999
-999 10.365 21.683 23.871 18.854 8.1074 15.456 10.273 4.7558 6.1281 -999 -999 -999 -999 -999 -999 -999 -999 -999 -999 -999 -999 -999 -999 -999 -999 -999 -999 -999 -999 -999
18.014 37.8 30.256 35.387 13.334 11.681 23.208 14.437 3.6131 3.2094 0.53389 2.0729 -999 -999 -999 -999 -999 -999 -999 -999 -999 -999 -999 -999 -999 -999 -999 -999 -999 -999 -999
-999 0.89543 16.327 34.431 29.477 26.949 15.554 1.267 4.213 72.619 34.7 9.2374 -999 -999 -999 -999 -999 -999 -999 -999 -999 -999 -999 -999 -999 -999 -999 -999 -999 -999 -999
-999 13.644 36.414 30.899 38.581 31.497 18.239 7.5061 1.0383 10.8 8.7954 10.021 9.8225 13.811 8.2402 -999 -999 -999 -999 -999 -999 -999 -999 -999 16.109 14.965 10.268 1.0292 1.4689 -999 -999
-999 12.109 32.058 30.725 39.417 23.113 25.389 19.178 16.89 4.8993 11.418 10.495 3.6262 6.1699 14.833 15.623 9.6982 27.59 7.7292 -999 -999 8.0921 0.9829 3.1318 12.822 20.244 8.2259 0.95353 0.80757 -999 -999
-999 -999 18.214 22.608 61.88 39.734 27.757 20.942 24.828 40.977 17.446 6.3509 0.54694 5.7671 7.0262 17.965 4.1797 19.755 10.284 16.595 21.648 17.542 5.4684 7.6199 35.313 28.944 19.327 0.13173 0.20516 0.26626 -999
-999 -999 16.535 28.87 37.249 48.702 34.247 27.99 36.061 70.381 30.002 16.281 10.041 4.2799 7.264 11.873 6.4903 15.845 10.101 10.61 20.195 18.382 15.563 15.552 44.47 52.311 17.838 0.25441 0.40903 0.79383 6.8411
-999 -999 41.376 27.381 33.8 47.297 39.403 30.335 53.7 56.68 50.601 49.401 22.403 42.158 24.063 8.4318 15.153 25.803 13.036 10.879 15.089 16.586 29.21 43.725 51.133 50.96 35.883 5.4268 3.6439 7.8968 9.3495
-999 -999 43.414 35.375 31.59 56.058 12.706 36.446 76.203 104.68 97.687 66.119 55.051 59.59 6.9165 10.034 12.74 9.4412 9.9749 10.262 24.177 40.471 42.786 30.226 30.909 36.536 34.967 7.3562 4.7289 10.832 11.178
-999 -999 5.8943 20.968 25.325 24.649 58.597 48.334 67.492 60.691 89.882 109.16 67.496 38.87 10.537 11.167 50.271 20.557 10.356 17.764 30.812 55.924 49.249 30.254 8.0755 11.349 22.587 18.437 20.004 10.106 7.6156
-999 -999 14.896 33.931 19.63 30.726 30.114 52.075 50.837 64.231 65.501 105.54 59.676 76.709 19.041 27.824 17.157 5.276 16.435 22.807 40.936 53.818 51.05 47.702 26.192 17.658 28.331 30.618 32.992 19.784 20.061
-999 -999 -999 4.6795 9.2675 7.2653 11.374 41 31.074 46.537 57.578 65.905 69.262 36.95 61.369 17 8.5593 18.938 28.149 23.447 34.94 50.335 56.511 54.039 70.369 -999 -999 -999 -999 -999 26.934
-999 -999 -999 7.4063 9.2794 18.971 5.5154 6.6584 18.32 21.243 40.991 51.356 69.339 101 113.17 71.784 50.307 24.277 28.985 30.636 39.248 42.111 73.276 -999 -999 -999 -999 -999 -999 -999 24.468
-999 -999 -999 -999 -999 29.342 27.286 26.2 15.935 24.963 28.456 27.449 43.194 53.936 62.594 60.381 65.071 26.45 25.505 35.22 -999 -999 -999 -999 -999 -999 -999 -999 -999 -999 -999
-999 -999 -999 -999 -999 -999 -999 -999 4.1962 10.352 8.6867 24.937 18.153 84.872 35.14 37.282 46.69 39.262 29.195 37.163 -999 -999 -999 -999 -999 -999 -999 -999 -999 -999 -999
-999 -999 -999 -999 -999 -999 -999 10.009 8.5282 4.6806 4.5956 7.3883 12.936 11.871 11.147 26.071 38.876 36.416 -999 -999 -999 -999 -999 -999 -999 -999 -999 -999 -999 -999 -999
-999 -999 -999 -999 -999 -999 10.574 3.5028 10.142 1.7896 2.6467 2.7534 11.279 10.626 8.2718 9.922 12.463 -999 -999 -999 -999 -999 -999 -999 -999 -999 -999 -999 -999 -999 -999
-999 -999 -999 -999 -999 -999 11.642 1.8138 0.8774 35.99 3.9957 0.38562 4.483 3.0814 6.4939 8.8877 13.031 -999 -999 -999 -999 -999 -999 -999 -999 -999 -999 -999 -999 -999 -999
-999 -999 -999 -999 -999 -999 4.128 0 0.98709 0.68131 4.0508 1.8644 4.1141 3.8522 3.1169 3.9211 1.9161 -999 -999 -999 -999 -999 -999 -999 -999 -999 -999 -999 -999 -999 -999
-999 -999 -999 -999 -999 -999 -999 2.3341 2.3547 0.3404 2.4661 3.7961 5.2342 5.9238 7.7957 3.6096 2.6787 -999 -999 -999 -999 -999 -999 -999 -999 -999 -999 -999 -999 -999 -999
-999 -999 -999 -999 -999 -999 -999 -999 4.8018 0.18762 0.11661 3.3216 6.3913 2.904 4.6 9.0631 4.9703 -999 -999 -999 -999 -999 -999 -999 -999 -999 -999 -999 -999 -999 -999
-999 -999 -999 -999 -999 -999 -999 19.648 4.1827 13.68 0 0.42156 3.7237 1.4209 2.2307 5.2 0.54136 -999 -999 -999 -999 -999 -999 -999 -999 -999 -999 -999 -999 -999 -999
-999 -999 -999 -999 -999 -999 -999 44.595 44.782 15.04 3.2917 0.70328 1.75 0.97174 1.213 -999 -999 -999 -999 -999 -999 -999 -999 -999 -999 -999 -999 -999 -999 -999 -999
