PC_RASTER_CASE_STUDY/rain_grids/rn_14153.asc
ncols         31
nrows         25
xllcorner     73.125000
yllcorner     13.125000
cellsize      0.25
NODATA_value  -9999
-999 0 0 0 0 0 0 0 -999 -999 -999 -999 -999 -999 -999 -999 -999 -999 -999 -999 -999 -999 -999 -999 -999 -999 -999 -999 -999 -999 -999
-999 0 0 0 0 0 1.0302 3.8806 14.087 -999 -999 -999 -999 -999 -999 -999 -999 -999 -999 -999 -999 -999 -999 -999 -999 -999 -999 -999 -999 -999 -999
-999 0 0 0 0 0.30097 3.5374 13.264 17.892 19.662 -999 -999 -999 -999 -999 -999 -999 -999 -999 -999 -999 -999 -999 -999 -999 -999 -999 -999 -999 -999 -999
0 0 0 0 0.2855 0.52942 3.4877 9.3293 17.049 31.378 23.879 23.585 -999 -999 -999 -999 -999 -999 -999 -999 -999 -999 -999 -999 -999 -999 -999 -999 -999 -999 -999
-999 0 0 1.0122 1.4562 1.0862 5.4284 12.401 23.446 46.352 50.611 48.332 -999 -999 -999 -999 -999 -999 -999 -999 -999 -999 -999 -999 -999 -999 -999 -999 -999 -999 -999
-999 6.853 5.5318 0.86989 2.7503 4.2411 10.708 39.821 73.368 70.89 44.305 33.06 41.062 29.641 18.655 -999 -999 -999 -999 -999 -999 -999 -999 -999 11.931 12.518 9.8363 8.0077 6.7792 -999 -999
-999 21.12 63.24 1.5497 3.8486 19.581 14.046 68.826 123.89 96.599 54.665 43.274 37.992 30.257 34.872 40.682 64.814 41.495 24.529 -999 -999 34.507 11.539 8.7363 10.113 14.195 40.092 28.735 15.563 -999 -999
-999 -999 12.3 7.6781 7.5702 12.936 38.236 73.651 108.88 85.106 56.723 67.319 35.72 17.434 32.567 42.877 22.614 45.461 43.451 47.826 46.767 29.668 16.176 22.67 25.95 35.126 52.564 34.395 15.861 7.4618 -999
-999 -999 8.6935 29.277 35.747 40.563 65.089 70.826 97.228 65.953 61.056 92.624 59.04 28.258 31.715 32.346 59.426 62.553 38.485 41.752 39.073 24.846 39.123 52.157 40.888 33.664 45.608 39.36 26.476 19.261 13.756
-999 -999 42.132 27.149 35.961 53.244 37.586 68.447 82.836 75.279 69.235 109.6 76.953 31.498 26.432 30.257 46.227 50.465 31.029 34.328 35.361 35.421 59.112 60.416 57.258 50.73 64.281 71.939 68.861 47.55 97.206
-999 -999 52.147 32.601 55.69 45.336 33.665 37.955 53.271 86.861 100.47 79.195 87.874 47.303 27.807 40.387 45.924 34.868 10.242 16.766 33.617 52.795 70.757 63.815 71.498 64.938 55.739 61.451 75.145 99.2 118.92
-999 -999 98.601 36.963 41.145 46.177 20.381 56.109 45.613 84.804 74 62.304 57.778 44.043 28.379 42.595 48.837 34.309 13.978 20.137 40.542 43.988 56.999 62.25 59.095 48.428 35.203 31.679 31.809 35.236 19.631
-999 -999 40.642 36.059 36.566 3.8885 9.7974 20.01 53.329 51.359 106.28 63.234 54.079 75.87 38.532 45.834 40.874 28.682 34.638 39.557 41.838 48.759 36.286 32.91 40.173 43.77 27.278 29.33 40.074 38.239 13.204
-999 -999 -999 35.781 34.124 22.484 31.512 0 39.97 56.883 83.058 50.541 43.282 44.948 47.16 59.848 50.718 40.52 48.912 49.622 41.857 43.793 26.881 21.131 10.962 -999 -999 -999 -999 -999 8.0412
-999 -999 -999 32.038 15.735 42.221 70.86 34.635 48.927 11.418 44.745 39.06 42.462 48.179 44.795 52.343 30.259 36.767 50.227 50.139 14.32 31.877 13.293 -999 -999 -999 -999 -999 -999 -999 10.014
-999 -999 -999 -999 -999 32.357 20.27 20.4 6.4569 33.694 29.081 30.611 37.468 41.494 31.067 35.023 30.601 27.812 30.597 23.894 -999 -999 -999 -999 -999 -999 -999 -999 -999 -999 -999
-999 -999 -999 -999 -999 -999 -999 -999 11.389 41.172 3.0967 31.663 28.823 39.361 38.373 33.418 26.218 16.361 20.901 12.63 -999 -999 -999 -999 -999 -999 -999 -999 -999 -999 -999
-999 -999 -999 -999 -999 -999 -999 25.056 18.073 29.182 14.717 12.574 13.189 13.853 15.154 29.391 16.483 8.5884 -999 -999 -999 -999 -999 -999 -999 -999 -999 -999 -999 -999 -999
-999 -999 -999 -999 -999 -999 10.792 16.562 7.2014 37.005 21.935 21.126 9.6228 12.885 4.4069 22.563 20.059 -999 -999 -999 -999 -999 -999 -999 -999 -999 -999 -999 -999 -999 -999
-999 -999 -999 -999 -999 -999 12.755 12.628 0 36.338 13.853 9.2839 5.3832 14.708 10.324 14.04 19.384 -999 -999 -999 -999 -999 -999 -999 -999 -999 -999 -999 -999 -999 -999
-999 -999 -999 -999 -999 -999 49.384 8.3108 7.4414 12.43 6.8501 27.92 25.44 13.971 0.5709 1.1829 4.9243 -999 -999 -999 -999 -999 -999 -999 -999 -999 -999 -999 -999 -999 -999
-999 -999 -999 -999 -999 -999 -999 7.0453 6.5901 3.7562 12.235 17.257 3.9468 2.2204 2.6158 2.4683 2.3005 -999 -999 -999 -999 -999 -999 -999 -999 -999 -999 -999 -999 -999 -999
-999 -999 -999 -999 -999 -999 -999 -999 19.93 1.7517 0 6.7855 7.7313 0 5.5263 0.14439 0 -999 -999 -999 -999 -999 -999 -999 -999 -999 -999 -999 -999 -999 -999
-999 -999 -999 -999 -999 -999 -999 18.563 17.714 23.106 4.9778 3.7723 4.0589 2.3496 1.5311 0 0 -999 -999 -999 -999 -999 -999 -999 -999 -999 -999 -999 -999 -999 -999
-999 -999 -999 -999 -999 -999 -999 11.914 28.194 1.4593 8.023 3.3622 8.4651 10.508 2.6732 -999 -999 -999 -999 -999 -999 -999 -999 -999 -999 -999 -999 -999 -999 -999 -999
