PC_RASTER_CASE_STUDY/rain_grids/rn_14022.asc
ncols         31
nrows         25
xllcorner     73.125000
yllcorner     13.125000
cellsize      0.25
NODATA_value  -9999
-999 0.29228 0.48481 0.3476 0.11667 0 0 0 -999 -999 -999 -999 -999 -999 -999 -999 -999 -999 -999 -999 -999 -999 -999 -999 -999 -999 -999 -999 -999 -999 -999
-999 0.50379 0.62409 0.68921 0.19955 0 0 0 0.19176 -999 -999 -999 -999 -999 -999 -999 -999 -999 -999 -999 -999 -999 -999 -999 -999 -999 -999 -999 -999 -999 -999
-999 1.5277 1.8454 1.5488 1.0303 0.57646 0.69568 0.77243 1.3612 7.3232 -999 -999 -999 -999 -999 -999 -999 -999 -999 -999 -999 -999 -999 -999 -999 -999 -999 -999 -999 -999 -999
7.1741 3.9468 0.74236 3.8273 4.6199 5.8475 5.701 5.2516 4.2752 10.169 10.785 10.011 -999 -999 -999 -999 -999 -999 -999 -999 -999 -999 -999 -999 -999 -999 -999 -999 -999 -999 -999
-999 14.777 7.2471 11.332 17.62 23.899 26.069 21.785 10.54 10.263 14.236 15.497 -999 -999 -999 -999 -999 -999 -999 -999 -999 -999 -999 -999 -999 -999 -999 -999 -999 -999 -999
-999 28.436 24.171 21.13 25.875 31.628 31.355 27.319 15.693 6.8339 10.064 4.7271 10.703 7.2896 9.3209 -999 -999 -999 -999 -999 -999 -999 -999 -999 0 0 6.8636 28.515 41.516 -999 -999
-999 25.207 24.831 26.34 30.845 32.3 32.044 26.145 7.7117 4.1214 2.7252 7.6842 14.06 6.5762 7.45 10.809 0.62694 11.985 14.596 -999 -999 0.53917 0 0 0 1.8378 12.225 38.348 43.657 -999 -999
-999 -999 19.749 27.663 27.055 32.284 32.044 23.742 10.182 7.0435 4.1432 21.124 27.975 12.924 9.6651 13.524 19.501 19.354 13.41 1.4442 0 0 0 0 0.17665 6.2437 14.08 37.068 44.402 44.877 -999
-999 -999 10.559 13.376 18.77 29.55 32.079 23.786 18.087 6.0715 13.101 28.62 17.629 21.856 14.326 20.873 17.044 15.891 12.735 2.2203 0.37671 0.27683 0 0 0.30499 8.9918 23.312 35.523 39.234 42.122 39.576
-999 -999 3.9947 11 15.705 24.901 32.581 28.649 36.926 35.898 42.987 66.017 35.106 18.927 18.414 19.973 0.69725 9.4628 7.2275 4.5526 1.6903 0.81527 0.70055 0 0.14441 11.74 21.202 25.437 26.371 23.589 24.172
-999 -999 9.6878 7.2394 11.183 22.51 45.627 22.957 56.446 56.858 38.996 38.461 31.753 19.199 18.974 19.722 16.754 5.0802 5.1896 4.7974 3.164 2.1082 1.1854 0.6868 6.0388 10.792 11.447 11.847 14.329 13.865 16.695
-999 -999 10.245 9.6586 19.664 16.255 44.909 28.077 28.687 48.659 24.439 38.393 21.961 16.528 22.488 18.758 20.633 6.4346 5.1922 6.7631 9.9292 13.164 4.4178 2.1173 4.8656 6.7133 8.7001 10.053 11.818 12.343 15.782
-999 -999 54.013 21.736 12.959 0.99352 28.178 60.308 26.456 36.862 44.908 35.421 9.5871 6.4128 19.467 9.1536 2.226 0.55926 8.5758 19.064 19.987 20.689 21.24 7.9096 3.0726 3.5531 4.1286 6.8023 8.3685 17.211 36.76
-999 -999 -999 79.23 12.886 23.655 12.38 210.4 77.942 13.804 35.728 20.478 17.578 6.3722 24.656 0.79321 2.5563 0.91624 22.648 23.943 23.536 23.891 23.67 9.0619 2.7968 -999 -999 -999 -999 -999 34.277
-999 -999 -999 22.448 20.867 75.616 22.402 67.653 6.2141 2.8448 25.614 43.88 20.348 30.03 18.37 2.8515 3.7663 10.983 24.331 24.657 24.435 24.815 24.358 -999 -999 -999 -999 -999 -999 -999 28.09
-999 -999 -999 -999 -999 44.759 20.391 21 6.616 11.273 4.8224 24.451 30.205 1.0431 4.2581 6.3025 6.34 18.526 22.949 24.234 -999 -999 -999 -999 -999 -999 -999 -999 -999 -999 -999
-999 -999 -999 -999 -999 -999 -999 -999 15.984 5.4639 1.9728 1.9556 2.7267 3.6691 42.698 47.083 44.067 58.996 32.51 30.65 -999 -999 -999 -999 -999 -999 -999 -999 -999 -999 -999
-999 -999 -999 -999 -999 -999 -999 18.867 14.509 16.269 0.91264 0.84135 3.6879 22.519 19.655 44.409 57.304 62.45 -999 -999 -999 -999 -999 -999 -999 -999 -999 -999 -999 -999 -999
-999 -999 -999 -999 -999 -999 12.854 6.3851 19.927 13.323 9.281 7.1382 8.3652 56.089 40.159 36.621 61.244 -999 -999 -999 -999 -999 -999 -999 -999 -999 -999 -999 -999 -999 -999
-999 -999 -999 -999 -999 -999 17.28 7.3768 11.426 0.4213 4.9706 0.48848 40.693 55.561 66.149 42.214 52.624 -999 -999 -999 -999 -999 -999 -999 -999 -999 -999 -999 -999 -999 -999
-999 -999 -999 -999 -999 -999 0.11224 0 24.675 51.442 24.462 17.892 17.083 22.496 67.592 34.112 14.123 -999 -999 -999 -999 -999 -999 -999 -999 -999 -999 -999 -999 -999 -999
-999 -999 -999 -999 -999 -999 -999 16.823 10.537 23.859 45.098 12.234 19.072 31.708 41.928 34.73 15.826 -999 -999 -999 -999 -999 -999 -999 -999 -999 -999 -999 -999 -999 -999
-999 -999 -999 -999 -999 -999 -999 -999 28.643 31.055 37.627 46.521 25.19 31.533 33 20.389 41.435 -999 -999 -999 -999 -999 -999 -999 -999 -999 -999 -999 -999 -999 -999
-999 -999 -999 -999 -999 -999 -999 14.497 13.152 15.77 19.198 35.152 29.883 14.883 19.541 50.5 24.056 -999 -999 -999 -999 -999 -999 -999 -999 -999 -999 -999 -999 -999 -999
-999 -999 -999 -999 -999 -999 -999 16.193 32.305 23.534 31.8 12.833 11.671 19.175 35.049 -999 -999 -999 -999 -999 -999 -999 -999 -999 -999 -999 -999 -999 -999 -999 -999
