PC_RASTER_CASE_STUDY/rain_grids/rn_10816.asc
ncols         31
nrows         25
xllcorner     73.125000
yllcorner     13.125000
cellsize      0.25
NODATA_value  -9999
-999 42.483 0.14276 3.2895 7.5729 6.239 5.2146 3.8928 -999 -999 -999 -999 -999 -999 -999 -999 -999 -999 -999 -999 -999 -999 -999 -999 -999 -999 -999 -999 -999 -999 -999
-999 25.391 0 0 9.0836 8.6556 6.6064 7.3083 7.2709 -999 -999 -999 -999 -999 -999 -999 -999 -999 -999 -999 -999 -999 -999 -999 -999 -999 -999 -999 -999 -999 -999
-999 0.16276 2.0833 1.1914 1.6399 10.075 15.599 13.042 8.155 34.524 -999 -999 -999 -999 -999 -999 -999 -999 -999 -999 -999 -999 -999 -999 -999 -999 -999 -999 -999 -999 -999
140.72 3.9975 10.147 2.4485 4.7725 0.97705 14.612 24.927 18.414 16.597 12.35 14.205 -999 -999 -999 -999 -999 -999 -999 -999 -999 -999 -999 -999 -999 -999 -999 -999 -999 -999 -999
-999 9.5392 0.34585 1.7644 3.7807 1.5638 4.7831 18 17.485 21.802 21.534 22.441 -999 -999 -999 -999 -999 -999 -999 -999 -999 -999 -999 -999 -999 -999 -999 -999 -999 -999 -999
-999 121.34 16.29 6.927 10.524 6.4421 12.309 12.7 25.684 23.345 19.317 16.938 17.637 17.503 13.832 -999 -999 -999 -999 -999 -999 -999 -999 -999 37.398 68.406 119.7 99.727 93.478 -999 -999
-999 86.577 19.032 9.0724 12.391 21.828 22.015 25.17 23.662 15.115 17.316 14.664 6.8732 13.889 17.259 20.77 14.848 26.987 34.769 -999 -999 29.781 20.692 56.552 36.911 94.575 104.71 64.435 54.92 -999 -999
-999 -999 24.114 9.3055 13.76 18.455 12.976 29.768 21.942 14.959 15.017 13.235 2.6611 13.048 23 17.048 19.049 19.668 19.188 25.988 28.575 29.987 32.961 37.193 37.048 37.656 47.879 26.199 46.469 64.797 -999
-999 -999 29.729 19.412 17.084 12.341 11.793 23.677 23.292 7.5616 12.732 5.1639 17.22 16.949 4.1622 12.532 13.802 11.475 18.238 22.626 23.074 14.738 19.324 16.591 16.637 16.548 3.4512 0.95293 45.758 60.515 31.493
-999 -999 39.656 28.226 20.547 12.067 14.91 10.96 19.922 4.2266 6.9474 13.27 12.901 14.248 17.731 17.807 11.394 10.946 18.949 24.925 20.757 16.584 15.181 12.51 12.378 13.09 5.3894 4.9851 10.721 23.165 18.826
-999 -999 63.622 38.773 31.763 24.024 17.875 15.058 24.901 15.013 3.0249 15.306 15.015 13.761 16.127 8.573 11.197 16.28 22.081 19.14 15.404 13.966 10.523 5.947 4.7412 5.5907 5.8141 4.9397 6.1265 8.7523 9.1092
-999 -999 112.88 44.747 17.395 19.692 35.434 12.162 17.287 2.4478 7.7048 3.3116 5.2296 14.461 15.429 19.296 5.2989 12.843 19.091 13.087 10.186 9.6397 7.1059 3.2913 2.5231 4.2216 6.3974 6.6946 8.1318 9.2373 9.4376
-999 -999 56.242 30.198 23.512 15.62 16.826 15.942 16.337 14.063 7.4164 12.172 8.7724 9.756 11.404 43.389 7.822 12.031 17.295 15.639 9.0884 8.0832 6.9953 7.2845 5.6964 6.4803 10.273 10.954 10.235 10.914 7.5687
-999 -999 -999 28.465 59.458 16.99 17.569 19.2 16.836 11.708 15.049 10.365 10.281 7.7424 10.952 11 14.628 10.911 7.2312 7.3265 7.5414 7.5042 6.0844 7.4847 7.9458 -999 -999 -999 -999 -999 12.474
-999 -999 -999 119.44 88.44 10.051 15.515 17.746 17.468 7.3214 14.489 13.11 7.5959 6.0811 3.82 8.773 11.569 7.3648 7.4801 7.3965 8.6278 7.8665 2.4174 -999 -999 -999 -999 -999 -999 -999 14.028
-999 -999 -999 -999 -999 41.372 23.901 13.6 16.437 18.034 12.302 13.177 12.097 3.5847 3.5446 8.4964 8.0967 5.9904 6.3535 4.9945 -999 -999 -999 -999 -999 -999 -999 -999 -999 -999 -999
-999 -999 -999 -999 -999 -999 -999 -999 17.014 12.901 7.651 15.007 14.17 8.4279 0.73202 4.5739 4.2458 4.6888 5.1502 2.7046 -999 -999 -999 -999 -999 -999 -999 -999 -999 -999 -999
-999 -999 -999 -999 -999 -999 -999 10.258 6.4407 7.0216 9.5627 4.4246 3.1973 3.507 1.6754 3.3478 3.3365 3.6457 -999 -999 -999 -999 -999 -999 -999 -999 -999 -999 -999 -999 -999
-999 -999 -999 -999 -999 -999 52.572 9.5052 6.4968 9.9656 8.8908 4.2663 5.244 0.95169 0.63048 2.7768 1.3923 -999 -999 -999 -999 -999 -999 -999 -999 -999 -999 -999 -999 -999 -999
-999 -999 -999 -999 -999 -999 63.499 36.348 18.086 7.8813 4.8272 3.2615 3.8877 8.7516 3.3605 8.5051 0.29716 -999 -999 -999 -999 -999 -999 -999 -999 -999 -999 -999 -999 -999 -999
-999 -999 -999 -999 -999 -999 97.641 50.109 31.144 12.277 31.458 6.7421 1.1702 0.94813 0 0 0 -999 -999 -999 -999 -999 -999 -999 -999 -999 -999 -999 -999 -999 -999
-999 -999 -999 -999 -999 -999 -999 36.199 25.061 17.451 9.8932 9.7987 11.662 2.4517 0.19016 0 0 -999 -999 -999 -999 -999 -999 -999 -999 -999 -999 -999 -999 -999 -999
-999 -999 -999 -999 -999 -999 -999 -999 31.394 18.784 10.113 4.8371 5.4002 0.21508 2.4 0.73897 0 -999 -999 -999 -999 -999 -999 -999 -999 -999 -999 -999 -999 -999 -999
-999 -999 -999 -999 -999 -999 -999 43.476 51.32 29.35 7.6262 1.6572 3.5507 2.5533 2.2245 5.2 1.4222 -999 -999 -999 -999 -999 -999 -999 -999 -999 -999 -999 -999 -999 -999
-999 -999 -999 -999 -999 -999 -999 30.776 37.895 39.837 4.7437 3.9815 0 2.8608 2.432 -999 -999 -999 -999 -999 -999 -999 -999 -999 -999 -999 -999 -999 -999 -999 -999
