PC_RASTER_CASE_STUDY/rain_grids/rn_14847.asc
ncols         31
nrows         25
xllcorner     73.125000
yllcorner     13.125000
cellsize      0.25
NODATA_value  -9999
-999 7.1318 8.6769 9.6596 10.252 17.33 10.478 25.314 -999 -999 -999 -999 -999 -999 -999 -999 -999 -999 -999 -999 -999 -999 -999 -999 -999 -999 -999 -999 -999 -999 -999
-999 16.582 8.3186 6.6475 4.3037 5.225 9.8531 34.35 52.325 -999 -999 -999 -999 -999 -999 -999 -999 -999 -999 -999 -999 -999 -999 -999 -999 -999 -999 -999 -999 -999 -999
-999 14.621 13.496 4.6067 6.2272 10.401 14.003 58.57 68.791 45.567 -999 -999 -999 -999 -999 -999 -999 -999 -999 -999 -999 -999 -999 -999 -999 -999 -999 -999 -999 -999 -999
13.255 17.224 5.6712 3.5 7.5439 11.771 22.223 46.043 49.663 31.436 31.324 33.144 -999 -999 -999 -999 -999 -999 -999 -999 -999 -999 -999 -999 -999 -999 -999 -999 -999 -999 -999
-999 26.966 4.8256 1.504 6.1178 7.8961 20.111 36.485 27.97 15.672 33.002 41.337 -999 -999 -999 -999 -999 -999 -999 -999 -999 -999 -999 -999 -999 -999 -999 -999 -999 -999 -999
-999 32.645 2.0148 0.52288 6.4786 4.1279 2.0686 5.5236 11.714 10.001 23.648 17.785 33.065 32.43 17.154 -999 -999 -999 -999 -999 -999 -999 -999 -999 17.173 13.707 14.201 13.882 13.349 -999 -999
-999 24.903 0.53758 0 0.58594 0.53901 0 5.468 3.3363 10.632 4.3022 5.1976 9.653 14.417 14.994 9.2671 12.545 11.608 15.641 -999 -999 27.885 2.9653 5.6164 8.2173 14.384 17.039 20.593 28.181 -999 -999
-999 -999 5.8578 0.40864 0 0 2.7252 24.467 4.5942 2.6117 2.6562 0.22251 1.552 5.5536 6.1661 4.8765 10.308 9.5129 11.868 22.669 43.024 34.664 26.487 31.668 32.781 27.913 17.978 22.39 26.671 33.895 -999
-999 -999 3.5801 0.40061 0 0.13844 1.8931 12.783 8.8292 12.341 8.708 6.3249 3.1664 5.325 5.5708 8.0538 10.133 7.2148 7.4843 13.965 31.352 21.143 38.223 48.798 50.517 49.475 35.094 29.491 17.708 18.121 95.881
-999 -999 5.2988 0.22409 0.53392 0 0 0.58499 7.1969 24.285 27.708 19.564 7.9345 5.82 6.7299 9.9687 12.79 20.228 11.258 11.772 24.693 21.714 30.856 47.102 51.408 51.169 42.3 34.134 26.377 38.361 125.56
-999 -999 7.1932 3.6614 8.4485 1.0273 0.27908 0 5.1915 31.711 27.854 24.074 19.551 6.2773 10.187 12.994 10.369 12.977 4.8188 12.621 33.46 22.631 9.1811 31.49 58.336 59.404 43.143 34.613 23.945 17.371 25.598
-999 -999 12.124 12.135 3.912 2.1332 0.31608 0 7.7006 22.007 25.575 26.125 25.982 11.295 10.64 10.552 8.1582 7.3344 6.9303 19.981 17.164 22.113 11.189 34.222 56.386 68.951 34.844 31.319 10.88 11.323 13.05
-999 -999 27.811 7.0051 0.37032 0.99663 0.97468 0.616 9.8558 13.221 20.524 22.694 20.468 9.8361 9.743 12.46 16.242 11.009 8.765 12.313 19.308 20.59 8.865 16.908 41.146 48.504 12.39 20.375 13.982 17.91 28.278
-999 -999 -999 8.2252 5.7341 2.3745 1.5991 0.7593 0.14934 2.6358 4.383 7.5894 3.8762 8.4745 8.9621 8.9955 5.2999 2.5086 2.7283 4.5383 12.248 13.539 4.121 3.4898 1.5841 -999 -999 -999 -999 -999 9.4778
-999 -999 -999 11.846 8.2101 2.7718 1.3451 0.47685 0.34476 0.71149 1.7722 1.968 2.4498 4.649 5.4412 6.2662 6.0941 3.7032 2.115 4.2534 4.2867 3.3457 1.0056 -999 -999 -999 -999 -999 -999 -999 12.813
-999 -999 -999 -999 -999 6.5109 1.1803 0 0.16835 0 1.3003 2.7944 2.3551 2.1567 2.8338 4.2632 3.7898 2.4979 0.88714 0.45201 -999 -999 -999 -999 -999 -999 -999 -999 -999 -999 -999
-999 -999 -999 -999 -999 -999 -999 -999 0.11727 0.3132 1.9306 3.0212 2.4887 0.77051 0 1.0421 1.5162 0 0 0 -999 -999 -999 -999 -999 -999 -999 -999 -999 -999 -999
-999 -999 -999 -999 -999 -999 -999 0.61996 0.33466 1.2326 1.7919 2.269 2.1564 0.7191 0.30469 0.25551 0.72512 0 -999 -999 -999 -999 -999 -999 -999 -999 -999 -999 -999 -999 -999
-999 -999 -999 -999 -999 -999 13.447 7.0208 1.3221 1.9599 1.961 1.9525 1.453 2.0496 2.1793 1.9009 0 -999 -999 -999 -999 -999 -999 -999 -999 -999 -999 -999 -999 -999 -999
-999 -999 -999 -999 -999 -999 27.809 23.696 3.9494 2.0061 2.186 1.7896 0.91754 1.6776 2.9745 3.8065 0.11976 -999 -999 -999 -999 -999 -999 -999 -999 -999 -999 -999 -999 -999 -999
-999 -999 -999 -999 -999 -999 32.588 32.786 10.83 3.0974 1.9518 1.143 0.11937 0.37363 0.50947 1.9314 4.9436 -999 -999 -999 -999 -999 -999 -999 -999 -999 -999 -999 -999 -999 -999
-999 -999 -999 -999 -999 -999 -999 38.586 24.714 9.9833 1.2651 0.92808 0.15196 0.22024 0.56005 2.5259 5.2278 -999 -999 -999 -999 -999 -999 -999 -999 -999 -999 -999 -999 -999 -999
-999 -999 -999 -999 -999 -999 -999 -999 30.384 17.26 0.51582 0.16982 0 0.2119 1.1689 2.8256 2.9527 -999 -999 -999 -999 -999 -999 -999 -999 -999 -999 -999 -999 -999 -999
-999 -999 -999 -999 -999 -999 -999 45.777 30.149 9.5913 1.5222 0.45447 0.14347 0 0.44771 2.0196 2.9131 -999 -999 -999 -999 -999 -999 -999 -999 -999 -999 -999 -999 -999 -999
-999 -999 -999 -999 -999 -999 -999 30.396 15.048 0.99884 0.34986 0.7392 0.29081 0.1143 0.65869 -999 -999 -999 -999 -999 -999 -999 -999 -999 -999 -999 -999 -999 -999 -999 -999
