PC_RASTER_CASE_STUDY/rain_grids/rn_10828.asc
ncols         31
nrows         25
xllcorner     73.125000
yllcorner     13.125000
cellsize      0.25
NODATA_value  -9999
-999 7.9269 0 2.6906 8.7344 7.5429 12.508 9.9169 -999 -999 -999 -999 -999 -999 -999 -999 -999 -999 -999 -999 -999 -999 -999 -999 -999 -999 -999 -999 -999 -999 -999
-999 1.5382 0 0 11.33 12.754 13.618 10.823 9.1784 -999 -999 -999 -999 -999 -999 -999 -999 -999 -999 -999 -999 -999 -999 -999 -999 -999 -999 -999 -999 -999 -999
-999 1.0818 0.14141 1.5714 2.4461 20.196 22.12 6.5222 24.457 1.1064 -999 -999 -999 -999 -999 -999 -999 -999 -999 -999 -999 -999 -999 -999 -999 -999 -999 -999 -999 -999 -999
20.614 3.5105 0.51974 15.322 12.856 4.7075 20.079 28.732 31.54 20.032 12.707 10.844 -999 -999 -999 -999 -999 -999 -999 -999 -999 -999 -999 -999 -999 -999 -999 -999 -999 -999 -999
-999 4.9527 6.5642 15.343 4.5874 1.883 16.945 35.202 29.455 8.1421 7.3254 9.1811 -999 -999 -999 -999 -999 -999 -999 -999 -999 -999 -999 -999 -999 -999 -999 -999 -999 -999 -999
-999 41.974 2.1473 0.20822 5.2086 2.5053 14.26 24.936 24.162 24.451 13.037 13.001 17.471 11.909 4.5164 -999 -999 -999 -999 -999 -999 -999 -999 -999 49.019 40.651 30.731 26.073 25.9 -999 -999
-999 27.905 2.1883 2.1547 9.5321 6.8428 10.165 8.3794 10.399 40.446 9.679 11.892 11.028 8.8636 2.2538 15.264 29.251 16.98 26.283 -999 -999 40.078 9.2909 5.7563 23.554 33.896 38.625 53.618 43.333 -999 -999
-999 -999 1.9128 1.8794 11.818 8.233 0.31467 0.72054 4.433 4.9149 5.9903 7.8505 13.715 6.395 2.4 10.616 30.273 26.981 50.833 62.728 71.518 49.498 6.3913 7.1123 26.469 49.194 45.184 56.502 39.975 4.6628 -999
-999 -999 1.9012 1.9171 2.5301 4.1863 0.53541 0.12617 1.5878 3.3918 11.078 13.234 15.164 5.9316 2.0922 11.64 31.583 30.366 38.637 40.871 61.916 41.453 18.435 18.904 69.434 108.03 86.37 37.705 12.9 3.3259 25.261
-999 -999 8.9234 6.7996 2.1335 4.2178 1.357 1.3867 1.3134 0.60441 7.3758 5.2278 0.75939 8.6203 28.785 11.405 11.551 19.981 30.206 41.592 48.412 47.894 43.819 72.423 128.65 154.43 177.4 109 56.944 30.457 33.264
-999 -999 44.029 6.265 0.19703 13.411 3.254 1.1856 6.3157 1.9172 0.94526 6.5161 8.5916 9.3559 9.3654 5.2672 19.579 20.07 33.942 33.392 53.413 47.85 63.11 79.829 175.24 212.36 179.96 104.66 72.619 31.672 26.966
-999 -999 115.1 11.867 3.1536 12.238 1.4456 0.46873 5.7629 0.62892 2.1023 0.58902 4.0208 8.0485 18.813 14.644 8.6646 12.92 22.618 26.645 37.473 33.605 44.434 61.968 57.235 90.374 101.14 93.281 58.29 26.687 18.333
-999 -999 56.488 3.9639 4.3028 4.3808 9.1272 5.5425 4.1833 1.4203 2.2794 0.98354 4.7372 11.157 21.953 21 24.379 20.212 20.013 20.343 22.154 32.44 44.313 60.608 72.718 81.991 103.84 89.528 57.29 30.913 45.186
-999 -999 -999 5.3207 10.911 1.5712 2.8805 7 1.5854 1.7 5.1686 5.4723 3.9441 3.0687 22.857 29 22.281 29.897 25.831 22.251 41.526 78.363 62.598 70.88 101.41 -999 -999 -999 -999 -999 111.52
-999 -999 -999 54.496 31.773 4.0271 0.6142 0.64953 0.11238 5.4092 6.9463 4.2921 8.1481 9.0006 23.101 44.772 26.815 40.166 29.149 24.766 93.409 124.01 91.969 -999 -999 -999 -999 -999 -999 -999 109.84
-999 -999 -999 -999 -999 9.1429 6.166 2 2.534 1.0621 6.0855 3.3852 3.8929 4.12 18.06 36.04 42.449 44.299 42.504 167 -999 -999 -999 -999 -999 -999 -999 -999 -999 -999 -999
-999 -999 -999 -999 -999 -999 -999 -999 3.8216 5.3258 2.2641 0.24791 5.6586 5.4456 1.1971 27.419 41.776 46.297 51.196 80.073 -999 -999 -999 -999 -999 -999 -999 -999 -999 -999 -999
-999 -999 -999 -999 -999 -999 -999 6.6452 3.8887 5.9916 3.3298 1.2967 9.1678 13.505 5.1361 27.834 42.198 48.529 -999 -999 -999 -999 -999 -999 -999 -999 -999 -999 -999 -999 -999
-999 -999 -999 -999 -999 -999 22.427 11.865 6.515 13.218 6.9339 9.7315 9.1082 3.3905 18.259 43.459 38.266 -999 -999 -999 -999 -999 -999 -999 -999 -999 -999 -999 -999 -999 -999
-999 -999 -999 -999 -999 -999 36.491 9.3202 4.3505 14.508 11.632 18.954 9.2201 1.1807 33.191 34.426 23.631 -999 -999 -999 -999 -999 -999 -999 -999 -999 -999 -999 -999 -999 -999
-999 -999 -999 -999 -999 -999 42.079 30.539 4.0894 4.1778 54.722 6.1392 6.8586 3.9954 16.426 12.224 26.859 -999 -999 -999 -999 -999 -999 -999 -999 -999 -999 -999 -999 -999 -999
-999 -999 -999 -999 -999 -999 -999 19.691 5.5938 4.3982 5.7156 3.2824 2.6858 7.5681 8.5206 19.352 22.601 -999 -999 -999 -999 -999 -999 -999 -999 -999 -999 -999 -999 -999 -999
-999 -999 -999 -999 -999 -999 -999 -999 45.641 12.851 9.9203 0.20074 1.0866 5.325 11.6 4.043 29.629 -999 -999 -999 -999 -999 -999 -999 -999 -999 -999 -999 -999 -999 -999
-999 -999 -999 -999 -999 -999 -999 28.54 63.505 29.082 6.9618 0.99486 2.6401 4.5819 2.2929 0 5.9863 -999 -999 -999 -999 -999 -999 -999 -999 -999 -999 -999 -999 -999 -999
-999 -999 -999 -999 -999 -999 -999 35.81 50.276 70.738 6.8381 2.0293 2.6782 13.705 2.3829 -999 -999 -999 -999 -999 -999 -999 -999 -999 -999 -999 -999 -999 -999 -999 -999
