PC_RASTER_CASE_STUDY/rain_grids/rn_10787.asc
ncols         31
nrows         25
xllcorner     73.125000
yllcorner     13.125000
cellsize      0.25
NODATA_value  -9999
-999 175.16 30.301 40.379 26.315 28.024 21.403 12.831 -999 -999 -999 -999 -999 -999 -999 -999 -999 -999 -999 -999 -999 -999 -999 -999 -999 -999 -999 -999 -999 -999 -999
-999 145.87 79.77 49.815 14.236 14.986 18.49 12.192 15.312 -999 -999 -999 -999 -999 -999 -999 -999 -999 -999 -999 -999 -999 -999 -999 -999 -999 -999 -999 -999 -999 -999
-999 85.253 55.287 36.983 21.597 20.268 17.098 13.873 13.137 10.074 -999 -999 -999 -999 -999 -999 -999 -999 -999 -999 -999 -999 -999 -999 -999 -999 -999 -999 -999 -999 -999
252.93 91.082 37.511 24.234 21.14 21.763 17.108 20.013 31.727 22.559 21.217 16.846 -999 -999 -999 -999 -999 -999 -999 -999 -999 -999 -999 -999 -999 -999 -999 -999 -999 -999 -999
-999 105.22 44.171 19.784 12.175 11.619 16.69 46.042 56.451 49.95 40.08 29.153 -999 -999 -999 -999 -999 -999 -999 -999 -999 -999 -999 -999 -999 -999 -999 -999 -999 -999 -999
-999 232.39 42.622 22.794 7.0184 10.432 10.496 26.064 31.189 18.38 24.526 20.611 17.035 6.4149 6.3939 -999 -999 -999 -999 -999 -999 -999 -999 -999 1.7882 2.6898 5.8827 7.3148 9.3945 -999 -999
-999 161.66 38.991 27.246 10.455 19.881 12.303 6.079 6.7378 13.053 22.742 19.607 29.415 23.479 21.746 11.38 8.1974 19.527 35.698 -999 -999 9.2828 2.8202 2.0747 2.1171 4.7411 6.7729 7.6151 6.6948 -999 -999
-999 -999 63.545 31.847 7.7781 14.257 5.5301 4.7627 9.6188 6.9837 16.988 26.043 34.544 11.07 0 15.589 8.2797 14.079 12.125 9.3805 9.2819 7.0012 2.3724 3.9276 5.4429 6.894 5.7559 5.5143 5.3565 3.5891 -999
-999 -999 72.161 28.273 24.408 12.856 5.6563 5.3814 6.4862 1.0761 4.4744 6.4824 8.0766 19.275 5.1936 17.064 9.8132 12.696 17.08 15.845 7.7622 4.2258 5.417 7.0923 8.7881 8.9067 3.5446 2.4235 3.4976 3.7817 8.1549
-999 -999 105.38 57.53 37.321 16.921 14.916 11.749 5.7968 2.3005 3.3686 4.1593 0.7489 6.7664 10.829 10.124 17.002 14.078 18.072 15.266 13.661 8.5412 6.4759 7.9175 8.2002 8.1182 4.2802 6.6013 7.9494 7.1022 9.8265
-999 -999 152.28 67.072 29.77 11.916 20.878 5.3972 9.6076 1.6837 0.47221 5.0842 6.6753 8.0531 3.7456 14.363 3.0163 9.9019 17.669 15.175 16.231 12.295 11.179 8.1335 7.165 6.3047 5.1162 10.001 8.536 5.368 7.7544
-999 -999 182.86 110.63 46.915 25.565 12.515 5.0834 13.517 20.978 1.9437 0.57063 3.7141 2.8797 4.1042 5.4103 2.8681 3.6022 5.8327 6.0565 5.1745 5.9507 6.7811 7.9334 4.76 6.3916 6.2297 5.795 5.4228 3.9121 3.3553
-999 -999 89.154 40.794 31.385 12.538 12.229 3.9098 6.4488 2.9447 0.82624 3.8716 7.3532 4.5897 14.854 1.1993 0.60682 3.3747 2.8284 3.667 3.6439 3.3473 3.8573 4.881 5.8171 5.4443 4.8662 5.4689 9.1501 7.0695 2.7861
-999 -999 -999 27.235 95.866 22.555 26.458 5.3 3.645 6.034 4.053 2.0957 0.44797 2.2641 3.4193 2 4.2502 3.3348 3.465 3.4329 3.1712 3.1468 4.8994 5.2536 5.4141 -999 -999 -999 -999 -999 0
-999 -999 -999 154.12 35.12 31.41 25.88 16.602 14.477 48.093 10.102 3.9399 6.0479 0.73503 1.0739 3.417 2.6498 2.4094 3.2859 3.651 3.2152 3.4586 7.392 -999 -999 -999 -999 -999 -999 -999 0.34025
-999 -999 -999 -999 -999 80.623 53.248 1 23.626 11.733 8.2172 2.9691 5.9319 1.1117 1.8205 3.2543 3.4649 3.4516 3.9068 6.7359 -999 -999 -999 -999 -999 -999 -999 -999 -999 -999 -999
-999 -999 -999 -999 -999 -999 -999 -999 18.898 18.076 8.8116 9.6056 5.6276 2.115 0.39994 12.8 6.5966 6.2131 5.3316 6.5004 -999 -999 -999 -999 -999 -999 -999 -999 -999 -999 -999
-999 -999 -999 -999 -999 -999 -999 69.734 21.2 26.735 19.261 10.378 8.3813 8.9963 6.2089 14.81 8.1232 7.8219 -999 -999 -999 -999 -999 -999 -999 -999 -999 -999 -999 -999 -999
-999 -999 -999 -999 -999 -999 63.36 67.411 43.4 37.349 27.649 12.023 11.415 9.7935 9.8874 9.3555 5.4809 -999 -999 -999 -999 -999 -999 -999 -999 -999 -999 -999 -999 -999 -999
-999 -999 -999 -999 -999 -999 144.03 104.79 54.634 15.359 26.72 23.683 7.6147 8.219 7.0541 5.284 4.4821 -999 -999 -999 -999 -999 -999 -999 -999 -999 -999 -999 -999 -999 -999
-999 -999 -999 -999 -999 -999 100.84 58.502 27.128 19.403 60.656 10.513 4.3193 3.5044 0.16302 0 0.80896 -999 -999 -999 -999 -999 -999 -999 -999 -999 -999 -999 -999 -999 -999
-999 -999 -999 -999 -999 -999 -999 64.235 46.755 37.89 37.077 11.18 63.452 9.4582 2.3756 2.1121 1.6517 -999 -999 -999 -999 -999 -999 -999 -999 -999 -999 -999 -999 -999 -999
-999 -999 -999 -999 -999 -999 -999 -999 92.345 45.478 40.159 12.487 6.8963 3.5227 0 1.5973 0 -999 -999 -999 -999 -999 -999 -999 -999 -999 -999 -999 -999 -999 -999
-999 -999 -999 -999 -999 -999 -999 46.312 107.43 48.042 25.194 4.8203 10.662 0 2.2378 5.4 0 -999 -999 -999 -999 -999 -999 -999 -999 -999 -999 -999 -999 -999 -999
-999 -999 -999 -999 -999 -999 -999 42.073 152.83 124.31 9.6871 20.349 5.3808 21.551 4.771 -999 -999 -999 -999 -999 -999 -999 -999 -999 -999 -999 -999 -999 -999 -999 -999
