PC_RASTER_CASE_STUDY/rain_grids/rn_10829.asc
ncols         31
nrows         25
xllcorner     73.125000
yllcorner     13.125000
cellsize      0.25
NODATA_value  -9999
-999 10.5 0.26512 13.866 41.166 56.18 41.253 62.113 -999 -999 -999 -999 -999 -999 -999 -999 -999 -999 -999 -999 -999 -999 -999 -999 -999 -999 -999 -999 -999 -999 -999
-999 6.5316 0 0 27.068 26.582 33.815 36.649 23 -999 -999 -999 -999 -999 -999 -999 -999 -999 -999 -999 -999 -999 -999 -999 -999 -999 -999 -999 -999 -999 -999
-999 0.11128 0.63491 0.3631 3.8678 9.9963 13.813 6.5928 27.032 3.0856 -999 -999 -999 -999 -999 -999 -999 -999 -999 -999 -999 -999 -999 -999 -999 -999 -999 -999 -999 -999 -999
14.862 1.3575 3.1019 0.74621 3.9303 0.80786 11.974 12.79 17.695 45.091 56.037 55.251 -999 -999 -999 -999 -999 -999 -999 -999 -999 -999 -999 -999 -999 -999 -999 -999 -999 -999 -999
-999 1.0248 0 0.46317 0.78222 0.5993 3.3308 7.5637 10.191 31.066 42.844 68.331 -999 -999 -999 -999 -999 -999 -999 -999 -999 -999 -999 -999 -999 -999 -999 -999 -999 -999 -999
-999 8.5927 1.3762 1.3384 2.1925 0.89597 29.068 17.001 14.045 16.321 86.347 116.87 103.83 85.359 42.429 -999 -999 -999 -999 -999 -999 -999 -999 -999 28.446 43.742 72.587 45.247 32.337 -999 -999
-999 5.7928 0.31706 1.0437 2.141 1.5616 40.213 21.934 10.943 11.782 24.486 86.751 20.782 28.268 43.004 72.218 65.523 179.45 113.02 -999 -999 106.08 19.897 25.105 20.192 58.03 63.215 33.85 32.635 -999 -999
-999 -999 0.22199 0.81064 1.969 1.5475 1.6666 4.8097 12.52 15.35 18.708 15.445 16.618 17.717 32.8 18.877 45.572 68.925 113.92 142.69 227.88 170.28 53.199 42.561 36.908 58.312 66.608 40.99 32.386 50.746 -999
-999 -999 0 0 0.13213 0.1365 0.28125 2.2102 7.0004 15.435 17.276 18.678 22.884 25.822 50.467 72.795 64.163 98.544 112.56 79.358 186.21 196.14 64.442 59.744 38.273 33.101 77.062 94.933 50.303 31.681 43.882
-999 -999 1.0897 0.2575 0 0 0.10872 0 1.5637 1.4368 7.3075 4.4182 51.17 13.945 51.314 83.107 57.162 93.073 80.34 59.637 73.825 102.8 44.298 29.813 23.87 26.048 50.444 63.426 48.128 44.271 42.483
-999 -999 40.965 2.2287 0 0 0.3568 2.0002 9.1509 1.7463 1.4264 4.6747 10.226 2.7704 10.965 6.2915 7.7621 28.248 38.05 33.223 27.202 23.281 21.726 16.185 12.675 15.123 35.653 64.164 49.891 43.287 50.674
-999 -999 128.38 2.813 0 1.7165 4.5105 0.60607 9.7119 1.3343 6.8497 1.2786 2.5178 5.5641 39.426 28.053 9.4429 25.832 31.586 22.954 4.8754 16.723 14.647 14.196 20.562 21.161 20.978 24.604 22.706 25.618 30.545
-999 -999 67.949 0.57416 0.84993 0.79581 0 0 3.6295 2.8286 2.6561 7.7003 2.619 7.4753 17.411 1.327 2.2657 12.348 22.915 19.894 12.492 12.324 12.081 9.1386 13.421 20.226 17.05 14.355 15.401 21.928 20.861
-999 -999 -999 1.5249 11.324 0.38163 0 0 0.56088 0.61255 2.6632 2.7264 5.5108 8.1276 4.871 16 8.2177 11.975 18.02 15.048 7.6807 8.0489 9.6932 7.492 9.7396 -999 -999 -999 -999 -999 33.647
-999 -999 -999 50.796 38.731 0 0 0 0.44692 1.5762 3.2491 3.6256 3.2623 5.8212 14.25 20.164 22.264 30.131 23.048 19.533 5.1795 7.8562 7.4091 -999 -999 -999 -999 -999 -999 -999 28.313
-999 -999 -999 -999 -999 3.6351 0.29871 0 0.1752 1.1068 3.2464 6.211 3.4847 8.6942 9.7227 18.364 22.675 22.247 10.188 7.3327 -999 -999 -999 -999 -999 -999 -999 -999 -999 -999 -999
-999 -999 -999 -999 -999 -999 -999 -999 2.0302 1.5993 4.6571 15.651 11.965 5.3332 1.1307 5.6991 11.355 8.1213 4.5221 3.6559 -999 -999 -999 -999 -999 -999 -999 -999 -999 -999 -999
-999 -999 -999 -999 -999 -999 -999 4.7186 2.3524 3.0227 3.553 4.6467 3.4584 5.1437 5.8119 4.4598 12.171 7.176 -999 -999 -999 -999 -999 -999 -999 -999 -999 -999 -999 -999 -999
-999 -999 -999 -999 -999 -999 23.1 2.5388 4.8884 1.5703 2.0528 9.6362 0.6519 3.1116 4.225 6.6455 8.9015 -999 -999 -999 -999 -999 -999 -999 -999 -999 -999 -999 -999 -999 -999
-999 -999 -999 -999 -999 -999 25.453 9.2424 3.448 9.2601 3.2108 27.614 9.7014 10.22 11.455 9.0169 4.3804 -999 -999 -999 -999 -999 -999 -999 -999 -999 -999 -999 -999 -999 -999
-999 -999 -999 -999 -999 -999 87.787 43.881 10.444 2.3249 49.307 4.2709 10.597 19.081 23.882 14.195 5.4606 -999 -999 -999 -999 -999 -999 -999 -999 -999 -999 -999 -999 -999 -999
-999 -999 -999 -999 -999 -999 -999 19.31 30.955 5.5784 4.012 1.0676 5.9863 2.9445 4.1088 10.407 11.476 -999 -999 -999 -999 -999 -999 -999 -999 -999 -999 -999 -999 -999 -999
-999 -999 -999 -999 -999 -999 -999 -999 74.584 21.822 13.856 1.7301 0.66361 9.4353 3.3 1.8932 4.1005 -999 -999 -999 -999 -999 -999 -999 -999 -999 -999 -999 -999 -999 -999
-999 -999 -999 -999 -999 -999 -999 58.162 82.144 45.693 12.84 8.4761 0.73558 0 0 2 0 -999 -999 -999 -999 -999 -999 -999 -999 -999 -999 -999 -999 -999 -999
-999 -999 -999 -999 -999 -999 -999 53.747 50.761 92.7 4.9782 3.4916 0 7.4637 1.6173 -999 -999 -999 -999 -999 -999 -999 -999 -999 -999 -999 -999 -999 -999 -999 -999
