PC_RASTER_CASE_STUDY/rain_grids/rn_10430.asc
ncols         31
nrows         25
xllcorner     73.125000
yllcorner     13.125000
cellsize      0.25
NODATA_value  -9999
-999 7.4389 2.4945 2.3798 0 0 0 0 -999 -999 -999 -999 -999 -999 -999 -999 -999 -999 -999 -999 -999 -999 -999 -999 -999 -999 -999 -999 -999 -999 -999
-999 16.494 2.9818 2.8573 0.20395 0 0 0 2.4748 -999 -999 -999 -999 -999 -999 -999 -999 -999 -999 -999 -999 -999 -999 -999 -999 -999 -999 -999 -999 -999 -999
-999 14.447 7.5547 3.8479 0 0 0.94704 1.647 10.353 3.8621 -999 -999 -999 -999 -999 -999 -999 -999 -999 -999 -999 -999 -999 -999 -999 -999 -999 -999 -999 -999 -999
31.971 35.231 7.9993 2.9549 0 0 2.8467 3.2227 7.7474 6.7009 16.006 18.954 -999 -999 -999 -999 -999 -999 -999 -999 -999 -999 -999 -999 -999 -999 -999 -999 -999 -999 -999
-999 69.261 27.739 5.6999 0.92934 0.25027 4.5436 5.5621 8.0794 10.217 14.114 14.376 -999 -999 -999 -999 -999 -999 -999 -999 -999 -999 -999 -999 -999 -999 -999 -999 -999 -999 -999
-999 147.69 27.151 13.091 2.7254 5.6527 5.3627 4.5799 4.9954 5.3041 11.057 8.6956 9.3183 6.0173 5.7252 -999 -999 -999 -999 -999 -999 -999 -999 -999 17.697 15.751 10.333 6.2547 9.3005 -999 -999
-999 103.38 55.369 20.064 7.5649 33.172 12.902 0.38916 0.54939 4.9584 1.8051 3.0313 12.307 8.9091 30.641 34.628 13.266 15.776 10.068 -999 -999 12.746 2.5009 5.9257 9.0545 13.157 6.2315 1.8769 2.856 -999 -999
-999 -999 64.632 25.805 6.1748 22.082 6.6634 0.10037 0 0.22601 0.62967 1.8475 3.7378 20.604 6.4 26.632 27.766 7.8449 16.772 14.311 11.193 13.566 17.596 11.471 14.06 23.359 10.359 4.9354 3.3215 5.2297 -999
-999 -999 74.166 22.878 13.883 5.7349 1.4572 1.5295 0.62057 0.47925 0.35469 0 1.2436 2.6357 13.348 19.985 25.898 28.747 27.994 23.991 13.52 12.077 15.107 16.256 23.708 30.418 17.097 15.685 12.671 14.434 24.636
-999 -999 61.626 38.461 18.692 6.3139 7.4138 7.002 1.9521 1.217 1.6774 5.2527 8.8686 0.48051 27.283 17.695 26.033 33.422 33.396 22.164 18.016 14.928 8.7068 3.9829 19.171 22.587 5.0551 26.297 27.643 26.3 30.003
-999 -999 82.143 59.125 20.34 8.0852 17.7 2.3412 0.18638 0.1955 0.15583 4.709 1.7622 1.2861 2.8956 9.0534 13.268 23.146 37.072 34.458 23.175 17.388 7.5704 9.7295 21.188 19.874 11.188 33.603 31.3 26.11 28.546
-999 -999 129.31 85.731 32.092 29.56 2.2866 4.5768 1.6903 0 5.1095 4.4353 5.696 5.4555 3.3629 3.8252 2.804 11.598 32.534 30.089 26.024 7.6104 8.9398 11.657 11.211 17.562 15.988 22.577 25.4 23.263 33.237
-999 -999 88.157 43.605 44.646 18.704 8.3433 7.2484 3.271 2.5677 6.9805 5.8688 3.5457 8.1566 6.7407 0.22932 7.0478 4.8577 0.74112 15.263 8.4421 6.0112 0.4969 2.5195 9.8756 13.703 13.373 15.781 26.272 27.139 27.054
-999 -999 -999 25.142 178.33 28.397 21.695 4.8 4.8931 1.7712 0.80402 0.85196 0.53851 0.45068 0.56308 0 2.791 1.586 0.41693 0.95539 2.6436 2.2907 0.94507 1.4906 1.8584 -999 -999 -999 -999 -999 42.368
-999 -999 -999 163.52 146.69 51.024 20.096 6.3316 14.261 44.677 1.3275 0.84161 0.21901 0.64466 0.52828 1.2567 1.9952 0.23067 0.31374 0.7236 1.4768 1.994 2.181 -999 -999 -999 -999 -999 -999 -999 34.729
-999 -999 -999 -999 -999 101.97 57.159 4.8 8.0739 5.209 3.5293 2.499 3.8694 0.30125 0 0.20894 0.24747 0.36191 0.9688 1.1253 -999 -999 -999 -999 -999 -999 -999 -999 -999 -999 -999
-999 -999 -999 -999 -999 -999 -999 -999 16.142 8.9329 3.6425 3.0387 6.1626 4.0265 0.29698 0.17084 0 1.3449 1.0134 0.44356 -999 -999 -999 -999 -999 -999 -999 -999 -999 -999 -999
-999 -999 -999 -999 -999 -999 -999 38.313 7.1333 10.151 6.1862 4.6874 9.338 8.5515 0.79657 1.7907 0.50723 1.6964 -999 -999 -999 -999 -999 -999 -999 -999 -999 -999 -999 -999 -999
-999 -999 -999 -999 -999 -999 130.48 109.15 53.989 54.826 28.902 24.288 10.645 9.1319 3.6589 4.6199 1.2797 -999 -999 -999 -999 -999 -999 -999 -999 -999 -999 -999 -999 -999 -999
-999 -999 -999 -999 -999 -999 144.81 109.99 65.614 46.888 25.374 28.088 11.746 8.568 1.3571 0.65708 1.0338 -999 -999 -999 -999 -999 -999 -999 -999 -999 -999 -999 -999 -999 -999
-999 -999 -999 -999 -999 -999 128.06 92.498 41.217 21.541 71.103 14.062 7.3234 15.364 0 0.1107 1.8487 -999 -999 -999 -999 -999 -999 -999 -999 -999 -999 -999 -999 -999 -999
-999 -999 -999 -999 -999 -999 -999 103.87 67.79 19.583 82.695 12.266 54.753 8.73 0.90665 0.68821 2.3404 -999 -999 -999 -999 -999 -999 -999 -999 -999 -999 -999 -999 -999 -999
-999 -999 -999 -999 -999 -999 -999 -999 103.69 43.202 35.066 26.483 10.474 11.053 12.2 10.594 16.68 -999 -999 -999 -999 -999 -999 -999 -999 -999 -999 -999 -999 -999 -999
-999 -999 -999 -999 -999 -999 -999 111.17 111.21 72.548 32.479 5.2193 9.9339 7.4581 5.689 5 5.4241 -999 -999 -999 -999 -999 -999 -999 -999 -999 -999 -999 -999 -999 -999
-999 -999 -999 -999 -999 -999 -999 67.387 86.298 70.114 23.16 7.0057 0.512 4.2398 2.6443 -999 -999 -999 -999 -999 -999 -999 -999 -999 -999 -999 -999 -999 -999 -999 -999
