PC_RASTER_CASE_STUDY/rain_grids/rn_14110.asc
ncols         31
nrows         25
xllcorner     73.125000
yllcorner     13.125000
cellsize      0.25
NODATA_value  -9999
-999 2.0218 0.896 0.35823 5.3632 10.43 5.4181 0 -999 -999 -999 -999 -999 -999 -999 -999 -999 -999 -999 -999 -999 -999 -999 -999 -999 -999 -999 -999 -999 -999 -999
-999 1.1106 0.18555 0.90789 2.387 2.8407 0.33163 0 0 -999 -999 -999 -999 -999 -999 -999 -999 -999 -999 -999 -999 -999 -999 -999 -999 -999 -999 -999 -999 -999 -999
-999 0.19842 0 0.18087 1.0417 0.50036 0 0 0 0 -999 -999 -999 -999 -999 -999 -999 -999 -999 -999 -999 -999 -999 -999 -999 -999 -999 -999 -999 -999 -999
11.311 0.10185 0.10556 0.78586 6.4455 2.4611 0 0 0.6244 1.01 0.11868 0 -999 -999 -999 -999 -999 -999 -999 -999 -999 -999 -999 -999 -999 -999 -999 -999 -999 -999 -999
-999 4.8992 2.3014 15.235 21.989 18.604 8.7796 1.4813 1.7774 1.1669 0.57459 2.17 -999 -999 -999 -999 -999 -999 -999 -999 -999 -999 -999 -999 -999 -999 -999 -999 -999 -999 -999
-999 1.8191 5.849 16.768 36.915 25.197 24.708 15.088 2.1703 4.1991 4.2133 6.0567 4.1252 4.9891 3.6788 -999 -999 -999 -999 -999 -999 -999 -999 -999 5.6336 6.2371 15.964 9.7569 0.259 -999 -999
-999 1.3504 0.7214 14.198 34.82 31.682 25.241 12.893 1.3958 6.0838 4.851 9.1732 9.9874 8.0536 6.0448 21.834 32.999 14.184 7.9253 -999 -999 56.129 19.052 33.367 20.071 10.962 15.329 8.7486 0.80063 -999 -999
-999 -999 3.6816 8.4101 33.345 34.679 17.905 7.6249 0.96735 1.1339 3.7249 10.703 5.3303 15.2 10.658 16.348 39.229 72.226 37.409 57.212 126.04 55.671 8.027 34.881 29.312 9.542 12.288 4.7863 0.61823 0 -999
-999 -999 4.2519 3.7536 5.6162 10.567 3.5312 5.8003 2.5184 1.4445 3.0953 3.1403 5.5232 10.053 9.3961 3.9806 9.5144 29.514 41.884 18.208 97.257 48.479 44.86 55.672 20.115 0.57086 1.0805 0 0.19712 0.18985 0
-999 -999 9.8672 11.953 6.2753 2.5123 0.23497 0 0 6.8536 11.943 6.6589 7.4445 10.734 6.9336 2.1915 0.19826 6.382 27.297 3.3641 17.587 40.406 40.918 32.492 15.25 2.6373 0.12791 0.65507 1.3999 1.5011 4.1049
-999 -999 9.7579 13.635 9.3827 0.14602 0 1.5664 0.52763 7.3208 2.4971 11.598 12.456 10.298 7.9754 0.96048 0 0 1.802 0 7.4483 28.805 33.719 23.705 6.7198 3.832 2.0285 0.33127 2.0958 6.4765 5.3641
-999 -999 21.261 8.8816 2.9041 0.95502 0 3.7372 8.9536 5.6577 17.057 25.409 19.02 8.1396 9.1791 11.888 1.4629 15.257 19.184 0 7.8821 57.946 41.812 16.765 23.013 5.9164 5.1688 1.2478 4.0451 8.931 11.778
-999 -999 25.774 6.5001 13.87 0.30197 4.8475 0.46563 10.852 5.0806 6.2404 34.499 17.684 10.244 7.8804 25.562 14.42 29.937 24.845 0 2.9467 31.028 24.924 17.339 21.563 11.394 2.276 1.8407 5.5803 10.554 23.238
-999 -999 -999 4.5448 6.3465 5.6712 2.9191 0 10.762 4.4554 20.415 37.772 11.986 15.66 11.874 12.75 33.082 27.412 5.7817 0.79172 1.2519 3.4128 15.382 20.03 20.924 -999 -999 -999 -999 -999 6.6027
-999 -999 -999 18.537 9.222 2.6938 1.2512 0 14.569 2.021 0.56637 9.6565 42.612 38.415 8.2628 14.821 23.629 24.361 6.6196 3.1887 2.6264 4.6091 28.012 -999 -999 -999 -999 -999 -999 -999 11.539
-999 -999 -999 -999 -999 3.1515 2.2039 0 7.7137 7.2491 0.13197 1.6627 13.33 5.014 4.5731 20.168 22.045 37.925 56.575 5.5364 -999 -999 -999 -999 -999 -999 -999 -999 -999 -999 -999
-999 -999 -999 -999 -999 -999 -999 -999 1.6605 1.2423 0.28414 2.1413 2.1612 2.4733 3.3184 11.589 16.114 18.86 41.001 8.6961 -999 -999 -999 -999 -999 -999 -999 -999 -999 -999 -999
-999 -999 -999 -999 -999 -999 -999 1.3533 1.8441 6.6124 0.11032 2.667 2.9555 6.8932 8.2775 0.40103 0 0.8192 -999 -999 -999 -999 -999 -999 -999 -999 -999 -999 -999 -999 -999
-999 -999 -999 -999 -999 -999 9.1261 4.7849 5.1928 9.2783 1.3967 3.6581 0.35695 4.5438 4.8343 0.44893 0 -999 -999 -999 -999 -999 -999 -999 -999 -999 -999 -999 -999 -999 -999
-999 -999 -999 -999 -999 -999 5.2836 2.8944 5.2783 2.6693 2.7082 19.149 0.11288 4.2756 3.3484 0.29699 0.49276 -999 -999 -999 -999 -999 -999 -999 -999 -999 -999 -999 -999 -999 -999
-999 -999 -999 -999 -999 -999 19.28 1.56 7.4944 16.614 5.8768 7.9001 8.844 20.048 6.7993 22.073 1.8306 -999 -999 -999 -999 -999 -999 -999 -999 -999 -999 -999 -999 -999 -999
-999 -999 -999 -999 -999 -999 -999 37.704 35.468 8.9145 2.7866 21.267 4.8666 19.403 8.1077 20.78 13.578 -999 -999 -999 -999 -999 -999 -999 -999 -999 -999 -999 -999 -999 -999
-999 -999 -999 -999 -999 -999 -999 -999 23.45 15.003 16.62 7.6367 14.802 32.081 16.56 6.1771 5.859 -999 -999 -999 -999 -999 -999 -999 -999 -999 -999 -999 -999 -999 -999
-999 -999 -999 -999 -999 -999 -999 20.095 18.39 12.671 5.3096 8.357 11.324 14.131 29.928 2.1 4.9596 -999 -999 -999 -999 -999 -999 -999 -999 -999 -999 -999 -999 -999 -999
-999 -999 -999 -999 -999 -999 -999 16.154 32.914 20.322 12.002 2.7484 2.9594 5.7609 2.4888 -999 -999 -999 -999 -999 -999 -999 -999 -999 -999 -999 -999 -999 -999 -999 -999
