PC_RASTER_CASE_STUDY/rain_grids/rn_12248.asc
ncols         31
nrows         25
xllcorner     73.125000
yllcorner     13.125000
cellsize      0.25
NODATA_value  -9999
-999 12.831 8.6376 0 0 0 0 3.7147 -999 -999 -999 -999 -999 -999 -999 -999 -999 -999 -999 -999 -999 -999 -999 -999 -999 -999 -999 -999 -999 -999 -999
-999 7.4097 4.2004 0 0 0 0 0.58507 3.6564 -999 -999 -999 -999 -999 -999 -999 -999 -999 -999 -999 -999 -999 -999 -999 -999 -999 -999 -999 -999 -999 -999
-999 10.946 13.359 1.0678 0 0 0 0 0 6.6802 -999 -999 -999 -999 -999 -999 -999 -999 -999 -999 -999 -999 -999 -999 -999 -999 -999 -999 -999 -999 -999
8.808 30.342 13.831 2.1113 0.28889 0 0 0 0 3.347 12.639 7.4012 -999 -999 -999 -999 -999 -999 -999 -999 -999 -999 -999 -999 -999 -999 -999 -999 -999 -999 -999
-999 56.011 28.843 3.5366 1.2716 0 0 0.3036 0.31689 0.47843 3.9795 0.89537 -999 -999 -999 -999 -999 -999 -999 -999 -999 -999 -999 -999 -999 -999 -999 -999 -999 -999 -999
-999 105.14 17.783 3.7215 0.11985 0 0 0.56367 5.3022 7.9416 1.9856 0.6787 8.5066 12.12 2.1835 -999 -999 -999 -999 -999 -999 -999 -999 -999 19.181 24.578 37.248 41.313 54.607 -999 -999
-999 67.258 5.6278 1.6478 0 0 0 0.44148 1.2399 12.776 11.661 3.3282 8.9132 25.381 1.8458 2.4493 4.7276 8.6737 20.338 -999 -999 20.875 11.685 17.683 20.964 21.822 22.26 37.278 29.626 -999 -999
-999 -999 4.2537 3.5983 0 0 2.8326 6.7009 1.1609 4.5498 8.5797 5.9357 0.62032 5.145 13.8 1.1173 14.371 14.095 20.129 21.76 14.56 25.125 36.832 16.597 10.375 7.5872 2.9847 11.211 16.308 17.315 -999
-999 -999 3.0176 2.0879 0.93116 0.51723 2.6761 3.8539 2.9406 2.968 7.9385 47.652 40.378 18.426 2.1449 3.2408 8.248 9.4357 19.765 32.204 18.985 20.373 17.81 12.077 5.3051 1.5409 2.0629 2.106 22.301 32.628 9.326
-999 -999 10.28 1.5836 0.37779 0 2.5994 0.80677 2.8952 5.5051 5.3705 20.314 3.8112 1.9323 10.751 6.6122 2.7575 13.721 14.444 38.251 29.015 22.759 13.762 8.8016 4.315 1.0632 0.28436 14.538 21.033 31.408 6.6135
-999 -999 28.206 5.3576 2.663 4.8782 15.047 17.895 8.2103 5.2281 5.1297 10.012 9.5744 9.1158 0.70082 7.8541 1.3997 5.8568 10.835 11.906 23.973 21.885 14.783 7.8465 5.3514 2.8365 3.7243 17.388 27.034 55.099 47.4
-999 -999 74.46 8.261 0.87915 4.0857 4.5665 25.73 2.0003 3.472 11.691 11.225 7.0042 5.0727 7.2949 9.7309 4.2093 9.7238 10.904 11.893 23.029 21.437 22.152 12.783 10.052 8.097 6.1708 20.989 59.292 60.012 26.228
-999 -999 13.522 13.583 6.9183 3.5035 3.8556 13.952 13.587 8.0769 8.3041 14.44 4.0131 0.75547 7.278 7.2739 16.428 14.131 15.113 16.077 19.104 20.958 20.976 19.015 13.88 7.7714 5.242 9.7422 27.446 34.367 24.591
-999 -999 -999 7.4852 6.249 2.196 3.3048 9.5506 13.329 15.255 5.7084 8.5698 19.456 3.0237 14.018 6 6.8187 12.023 21.766 18.264 19.509 22.636 20.714 19.63 17.262 -999 -999 -999 -999 -999 21.844
-999 -999 -999 17.871 49.225 5.6225 0.43505 5.8443 8.4532 6.6635 47.2 13.807 10.041 4.4182 7.2082 7.1858 13.305 36.177 29.886 18.381 25.817 25.756 24.637 -999 -999 -999 -999 -999 -999 -999 26.991
-999 -999 -999 -999 -999 18.423 1.1177 6.6563 24.029 54.857 39.041 45.204 41.679 14.92 12.838 15.675 19.505 27.649 15.164 21.162 -999 -999 -999 -999 -999 -999 -999 -999 -999 -999 -999
-999 -999 -999 -999 -999 -999 -999 -999 5.9305 26.241 40.189 29.026 28.953 10.348 10.712 14.691 19.407 38.464 23.061 22.968 -999 -999 -999 -999 -999 -999 -999 -999 -999 -999 -999
-999 -999 -999 -999 -999 -999 -999 3.3529 1.6345 19.209 58.233 26.073 55.379 13.682 30.599 47.369 27.904 49.862 -999 -999 -999 -999 -999 -999 -999 -999 -999 -999 -999 -999 -999
-999 -999 -999 -999 -999 -999 20.445 8.3358 1.4066 1.5381 15.223 7.5383 41.839 28.782 36.598 67.26 53.12 -999 -999 -999 -999 -999 -999 -999 -999 -999 -999 -999 -999 -999 -999
-999 -999 -999 -999 -999 -999 15.034 6.5284 5.2559 3.8091 6.3582 12.018 9.8687 12.054 18.317 32.421 56.169 -999 -999 -999 -999 -999 -999 -999 -999 -999 -999 -999 -999 -999 -999
-999 -999 -999 -999 -999 -999 31.977 7.6466 5.7403 2.8196 17.739 11.534 6.1696 1.2468 5.4569 17.382 3.3247 -999 -999 -999 -999 -999 -999 -999 -999 -999 -999 -999 -999 -999 -999
-999 -999 -999 -999 -999 -999 -999 10.167 2.8266 0.68447 13.548 4.4294 0.85243 6.3804 4.1373 1.6659 2.6888 -999 -999 -999 -999 -999 -999 -999 -999 -999 -999 -999 -999 -999 -999
-999 -999 -999 -999 -999 -999 -999 -999 5.7859 2.4361 5.3153 4.987 0.461 3.3236 18.6 8.9121 1.8478 -999 -999 -999 -999 -999 -999 -999 -999 -999 -999 -999 -999 -999 -999
-999 -999 -999 -999 -999 -999 -999 87.765 29.889 17.725 0.6021 2.967 0 1.2723 10.64 8.7225 18.441 -999 -999 -999 -999 -999 -999 -999 -999 -999 -999 -999 -999 -999 -999
-999 -999 -999 -999 -999 -999 -999 14.123 30.01 27.8 3.173 0 3.9858 6.307 9.2522 -999 -999 -999 -999 -999 -999 -999 -999 -999 -999 -999 -999 -999 -999 -999 -999
