PC_RASTER_CASE_STUDY/rain_grids/rn_10149.asc
ncols         31
nrows         25
xllcorner     73.125000
yllcorner     13.125000
cellsize      0.25
NODATA_value  -9999
-999 5.9506 0.33411 0.88735 7.7683 12.879 12.789 11.227 -999 -999 -999 -999 -999 -999 -999 -999 -999 -999 -999 -999 -999 -999 -999 -999 -999 -999 -999 -999 -999 -999 -999
-999 4.6701 0.40403 2.7021 9.5605 8.8481 6.5652 8.4831 8.2388 -999 -999 -999 -999 -999 -999 -999 -999 -999 -999 -999 -999 -999 -999 -999 -999 -999 -999 -999 -999 -999 -999
-999 74.95 46.549 9.9487 10.655 8.5801 8.1781 11.082 11.356 4.6554 -999 -999 -999 -999 -999 -999 -999 -999 -999 -999 -999 -999 -999 -999 -999 -999 -999 -999 -999 -999 -999
2.0728 153.59 16.206 10.925 8.1888 7.8862 7.3419 7.5921 10.35 4.6773 3.515 3.723 -999 -999 -999 -999 -999 -999 -999 -999 -999 -999 -999 -999 -999 -999 -999 -999 -999 -999 -999
-999 0 0.7749 3.1564 7.9707 3.2426 2.0197 4.351 12.5 8.9858 10.821 14.465 -999 -999 -999 -999 -999 -999 -999 -999 -999 -999 -999 -999 -999 -999 -999 -999 -999 -999 -999
-999 0 0.3608 0 16.59 6.5757 0.50571 3.2632 26.146 30.099 20.165 18.285 13.634 19.717 24.235 -999 -999 -999 -999 -999 -999 -999 -999 -999 11.657 11.181 24.312 39.266 38.949 -999 -999
-999 0 0 0 5.5698 7.0943 2.641 16.173 32.995 40.46 34.505 29.33 28.806 7.4356 19.796 16.802 27.448 19.117 13.887 -999 -999 38.706 33.649 28.86 18.971 16.837 18.986 28.914 24.937 -999 -999
-999 -999 0 0.13088 1.3026 3.6633 24.663 17.929 32.26 39.226 41.873 32.235 52.304 8.6557 17.2 33.048 30.179 49.945 33.093 41.947 47.872 45.109 36.583 28.975 22.958 14.274 16.939 18.335 17.789 18.129 -999
-999 -999 0 0 0.37005 7.7515 23.544 14.571 19.748 34.848 59.566 22.656 17.33 20.886 15.024 27.21 41.94 54.718 37.403 48.388 48.598 44.152 27.294 22.711 19.808 16.182 16.945 16.228 18.527 19.806 14.378
-999 -999 1.4948 0.34762 0.26746 2.1821 19.368 9.2372 18.129 52.048 41.169 52.738 41.746 25.893 37.795 30.554 25.464 40.37 43.003 53.495 50.161 46.217 28.997 27.928 19.849 17.093 21.423 15.695 13.623 16.894 13.99
-999 -999 0.86006 2.9243 0 6.241 9.7136 29.962 31.12 42.048 38.455 42.455 21.202 21.579 37.143 24.125 23.438 17.791 25.759 36.598 47.425 47.55 35.053 18.096 11.683 13.379 20.146 19.744 15.526 17.998 18.292
-999 -999 0 0 0 1.9052 3.0497 23.347 26.247 30.467 35.076 82.794 57.222 25.044 21.764 56.348 66.599 61.337 36.221 50.643 15.345 55.657 44.457 36.144 12.214 11.145 24.306 24.936 19.492 17.045 24.172
-999 -999 0 0 1.5226 1.3131 0 3.9132 17.134 21.211 25.195 46.195 47.097 52.186 19.102 74.731 81.283 61.898 48.792 44.765 49.804 55.93 59.202 59.051 30.728 20.97 30.385 29.416 25.471 34.801 30.022
-999 -999 -999 1.2404 0.1236 8.8963 1.6566 2.4 18.988 15.627 24.96 33.953 31.623 30.987 19.497 0 55.771 47.405 49.364 48.747 46.443 47.186 67.372 66.617 57.754 -999 -999 -999 -999 -999 66.917
-999 -999 -999 5.6584 4.8595 9.1103 2.7935 1.0892 13.879 4.177 18.278 18.608 42.687 57.86 44.248 41.063 21.144 43.822 50.106 49.26 28.385 32.671 60.301 -999 -999 -999 -999 -999 -999 -999 51.231
-999 -999 -999 -999 -999 0 0 14.2 9.1435 4.9136 13.767 15.074 21.043 9.5893 61.214 49.893 42.201 33.214 30.429 27.334 -999 -999 -999 -999 -999 -999 -999 -999 -999 -999 -999
-999 -999 -999 -999 -999 -999 -999 -999 1.9098 4.2085 27.127 12.47 15.372 45.203 44.751 23.141 36.123 39.499 32.89 25.319 -999 -999 -999 -999 -999 -999 -999 -999 -999 -999 -999
-999 -999 -999 -999 -999 -999 -999 0.84019 1.1607 0.65616 4.3136 7.7938 13.898 15.651 9.7883 21.335 35.61 38.319 -999 -999 -999 -999 -999 -999 -999 -999 -999 -999 -999 -999 -999
-999 -999 -999 -999 -999 -999 0.37012 0 0.57074 1.3914 4.5504 0.65032 0.67857 12.771 11.912 8.6619 15.63 -999 -999 -999 -999 -999 -999 -999 -999 -999 -999 -999 -999 -999 -999
-999 -999 -999 -999 -999 -999 0.68862 0.79641 0.81591 22.411 1.1141 5.6223 0.48247 2.6792 11.363 14.052 24.157 -999 -999 -999 -999 -999 -999 -999 -999 -999 -999 -999 -999 -999 -999
-999 -999 -999 -999 -999 -999 0.11652 19.509 0.48355 0.85743 9.7402 1.7445 2.2048 3.0062 1.4949 5.1019 8.2343 -999 -999 -999 -999 -999 -999 -999 -999 -999 -999 -999 -999 -999 -999
-999 -999 -999 -999 -999 -999 -999 2.1072 3.3511 0.41162 0.95598 2.6572 2.1913 1.3675 1.3185 9.4126 10.834 -999 -999 -999 -999 -999 -999 -999 -999 -999 -999 -999 -999 -999 -999
-999 -999 -999 -999 -999 -999 -999 -999 3.4605 1.6457 0.4526 4.8562 3.938 2.1328 2.4 12.322 35.276 -999 -999 -999 -999 -999 -999 -999 -999 -999 -999 -999 -999 -999 -999
-999 -999 -999 -999 -999 -999 -999 2.9826 1.5226 2.9937 14.36 9.184 10.519 7.39 5.1133 9.4 4.6614 -999 -999 -999 -999 -999 -999 -999 -999 -999 -999 -999 -999 -999 -999
-999 -999 -999 -999 -999 -999 -999 4.8042 8.0347 11.825 4.1272 3.6164 2.4658 4.6958 11.826 -999 -999 -999 -999 -999 -999 -999 -999 -999 -999 -999 -999 -999 -999 -999 -999
