PC_RASTER_CASE_STUDY/rain_grids/rn_13323.asc
ncols         31
nrows         25
xllcorner     73.125000
yllcorner     13.125000
cellsize      0.25
NODATA_value  -9999
-999 23.146 14.26 6.209 12.202 10.298 20.418 12.893 -999 -999 -999 -999 -999 -999 -999 -999 -999 -999 -999 -999 -999 -999 -999 -999 -999 -999 -999 -999 -999 -999 -999
-999 18.253 13.731 13.693 20.078 23.183 24.069 16.215 12.885 -999 -999 -999 -999 -999 -999 -999 -999 -999 -999 -999 -999 -999 -999 -999 -999 -999 -999 -999 -999 -999 -999
-999 35.961 41.849 35.386 30.241 46.656 41.246 16.664 13.955 12.514 -999 -999 -999 -999 -999 -999 -999 -999 -999 -999 -999 -999 -999 -999 -999 -999 -999 -999 -999 -999 -999
78.985 105 68.221 43.92 61.361 62.705 46.435 24.403 13.101 14.927 9.8139 10.091 -999 -999 -999 -999 -999 -999 -999 -999 -999 -999 -999 -999 -999 -999 -999 -999 -999 -999 -999
-999 113.89 60.119 81.736 119.77 110.65 74.953 21.709 10.288 10.388 6.4481 4.5083 -999 -999 -999 -999 -999 -999 -999 -999 -999 -999 -999 -999 -999 -999 -999 -999 -999 -999 -999
-999 103.12 53.98 61.366 186.05 151.01 96.015 34.731 17.255 9.3037 5.5955 4.681 10.048 17.306 13.889 -999 -999 -999 -999 -999 -999 -999 -999 -999 0.13842 0.1396 0 0.16463 0.15502 -999 -999
-999 64.188 38.723 86.892 116.7 79.264 63.166 101.55 68.576 25.052 5.9461 4.9825 13.724 19.264 15.501 7.1668 6.8218 13.078 17.732 -999 -999 10.478 6.985 3.1105 1.2147 0.6039 0 0 0 -999 -999
-999 -999 65.332 77.623 104.59 90.943 113.26 115.3 89.39 35.96 8.4164 11.467 21.719 27.004 32.098 12.527 30.735 25.437 21.579 14.101 10.819 10.873 11.133 9.8186 5.0565 3.2105 1.3047 3.0501 1.3567 0.12627 -999
-999 -999 63.587 60.136 71.659 115.11 114.34 122.37 116.64 54.595 20.696 22.287 60.443 73.303 22.762 12.398 24.648 25.623 24.389 15.471 11.858 12.078 12.928 13.641 11.483 7.2409 5.209 0.36103 3.6491 3.345 0.23041
-999 -999 56.991 47.556 62.8 114.48 55.875 78.561 114.53 63.389 81.623 95.31 116.26 112.89 50.067 23.319 25.027 22.55 22.008 19.579 15.73 14.174 13.147 15.124 13.665 9.1522 13.699 21.395 19.681 12.285 7.3025
-999 -999 104.34 39.887 33.252 130.67 39.03 72.679 124.96 155.86 117.49 106.22 116.98 147.68 178.86 79.66 52.842 50.848 23.009 24.941 20.403 15.251 10.396 10.658 5.2818 5.1612 20.288 35.129 29.132 8.2296 6.9733
-999 -999 265.34 28.727 16.948 42.641 82.655 82.753 101.35 142.31 92.622 101.41 84.465 110.38 121.13 111.4 112.99 103.88 41.583 64.753 108.37 33.952 6.8134 5.1886 1.0643 2.0998 13.274 32.692 26.777 3.1776 2.6178
-999 -999 68.995 34.1 25.147 17.402 21.988 50.023 72.033 69.297 83.801 74.696 90.588 112.29 109.01 108.98 91.751 130.6 192.15 230.71 218.11 210.74 39.564 11.143 4.5026 7.0811 24.926 40.106 40.942 16.061 5.3933
-999 -999 -999 43.43 34.46 9.0053 20.595 33 30.85 46.096 66.396 132.05 143.89 90.32 112.07 155 233.02 171 342.54 349.77 301.68 291.57 200.36 56.162 13.361 -999 -999 -999 -999 -999 11.735
-999 -999 -999 125.5 56.414 50.712 23.117 26.173 27.733 22.899 61.215 17.125 135.52 117.89 134.06 148.35 216.35 285.38 373.14 375.43 272 277.73 256.46 -999 -999 -999 -999 -999 -999 -999 20.196
-999 -999 -999 -999 -999 45.9 16.095 17.8 30.641 39.646 45.625 57.068 66.337 90.873 135.06 90.499 134.47 306.98 327.71 285.12 -999 -999 -999 -999 -999 -999 -999 -999 -999 -999 -999
-999 -999 -999 -999 -999 -999 -999 -999 30.036 40.22 32.402 33.661 68.555 113.39 57.082 43.848 42.61 58.476 262.91 276.44 -999 -999 -999 -999 -999 -999 -999 -999 -999 -999 -999
-999 -999 -999 -999 -999 -999 -999 41.42 20.761 131.14 28.861 35.439 24.192 41.219 39.701 30.408 54.024 71.022 -999 -999 -999 -999 -999 -999 -999 -999 -999 -999 -999 -999 -999
-999 -999 -999 -999 -999 -999 72.887 2.7238 15.695 11.558 24.104 23.473 34.658 35.964 42.021 28.474 66.102 -999 -999 -999 -999 -999 -999 -999 -999 -999 -999 -999 -999 -999 -999
-999 -999 -999 -999 -999 -999 78.907 25.483 24.986 78.881 29.662 40.49 28.581 33.17 34.99 12.573 54.699 -999 -999 -999 -999 -999 -999 -999 -999 -999 -999 -999 -999 -999 -999
-999 -999 -999 -999 -999 -999 152.92 93.32 75.018 41.346 77.957 34.159 20.6 17.694 15.229 10.123 14.583 -999 -999 -999 -999 -999 -999 -999 -999 -999 -999 -999 -999 -999 -999
-999 -999 -999 -999 -999 -999 -999 86.73 86.689 60.579 42.495 15.998 60.985 13.35 14.006 15.124 13.132 -999 -999 -999 -999 -999 -999 -999 -999 -999 -999 -999 -999 -999 -999
-999 -999 -999 -999 -999 -999 -999 -999 140.27 101.55 39.24 26.065 18.544 8.1944 11 5.1815 3.5995 -999 -999 -999 -999 -999 -999 -999 -999 -999 -999 -999 -999 -999 -999
-999 -999 -999 -999 -999 -999 -999 167.07 184.88 116.93 30.801 13.477 10.146 6.0119 3.8026 3 1.1769 -999 -999 -999 -999 -999 -999 -999 -999 -999 -999 -999 -999 -999 -999
-999 -999 -999 -999 -999 -999 -999 106.11 173.46 113.53 27.756 11.366 5.0563 4.7724 9.0139 -999 -999 -999 -999 -999 -999 -999 -999 -999 -999 -999 -999 -999 -999 -999 -999
