PC_RASTER_CASE_STUDY/rain_grids/rn_14850.asc
ncols         31
nrows         25
xllcorner     73.125000
yllcorner     13.125000
cellsize      0.25
NODATA_value  -9999
-999 111.62 19.017 4.9388 5.9936 4.8762 8.4646 7.2274 -999 -999 -999 -999 -999 -999 -999 -999 -999 -999 -999 -999 -999 -999 -999 -999 -999 -999 -999 -999 -999 -999 -999
-999 149.68 60.433 6.5291 7.7786 8.2803 8.0529 4.0116 8.1522 -999 -999 -999 -999 -999 -999 -999 -999 -999 -999 -999 -999 -999 -999 -999 -999 -999 -999 -999 -999 -999 -999
-999 138.63 127.67 6.9313 7.5653 6.5417 7.2195 7.706 8.7434 7.9525 -999 -999 -999 -999 -999 -999 -999 -999 -999 -999 -999 -999 -999 -999 -999 -999 -999 -999 -999 -999 -999
177.43 102.96 62.25 6.7521 6.5036 6.152 6.3096 7.5093 9.2668 8.1172 7.1747 7.1188 -999 -999 -999 -999 -999 -999 -999 -999 -999 -999 -999 -999 -999 -999 -999 -999 -999 -999 -999
-999 77.533 16.081 6.7214 6.047 5.8922 6.6385 7.7051 14.401 10.778 9.4796 9.8917 -999 -999 -999 -999 -999 -999 -999 -999 -999 -999 -999 -999 -999 -999 -999 -999 -999 -999 -999
-999 101.85 13.002 5.9609 5.8169 5.3215 7.1519 7.9117 8.2754 7.4536 12.888 15.008 10.327 8.3028 4.0652 -999 -999 -999 -999 -999 -999 -999 -999 -999 3.4556 2.0369 5.1879 6.6247 1.7148 -999 -999
-999 140.37 9.4571 5.9524 2.5924 1.6127 7.0904 8.3389 9.5375 8.6439 6.4768 6.5349 8.118 6.5395 5.4418 3.6271 5.7001 5.4446 5.9913 -999 -999 8.1343 3.5181 3.1846 3.0092 7.0527 10.463 8.1515 4.8697 -999 -999
-999 -999 63.662 13.882 2.5318 1.6006 3.3143 5.0502 7.3125 7.3736 5.3287 4.1836 5.0974 6.0332 6.4176 5.6144 6.3149 6.8024 9.7209 4.0367 2.7528 1.9063 0.18965 0.89996 1.7561 6.6183 11.099 9.2926 7.5887 6.6066 -999
-999 -999 52.352 19.096 12.508 2.6559 3.3363 4.7393 6.0884 5.8996 4.7086 4.4247 5.13 6.4182 6.5892 6.5334 6.4737 6.6723 13.915 5.4851 1.9166 0.12941 0 0.16216 1.0287 1.6014 4.8774 5.3132 9.1988 10.062 2.9111
-999 -999 39.447 19.517 14.586 2.7237 5.2374 4.7258 4.0393 3.9115 4.3645 4.4346 5.3252 5.8712 6.7627 6.9858 7.5598 8.1748 9.2427 7.0026 1.2638 0.10103 0.32373 0.83548 0.81654 0.87551 0.49974 2.8129 6.2277 8.0279 0.73234
-999 -999 49.786 35.823 10.323 10.681 6.5859 1.2987 1.1721 4.1041 3.9015 3.7781 4.8668 5.5436 6.1837 6.2802 8.1228 10.176 11.275 8.5328 1.2013 0.78071 0 1.2428 1.757 0.41785 0.61858 2.5422 9.3512 9.8172 8.2518
-999 -999 74.723 48.001 19.09 12.035 7.4322 2.1934 1.7365 3.3324 3.5699 3.6514 4.0996 3.9366 3.9538 5.2276 9.3911 11.195 12.726 7.0593 3.8238 4.2786 3.5451 5.7932 5.8486 1.5533 0.29028 1.6131 14.57 6.0341 3.4536
-999 -999 68.746 45.018 34.165 22.101 15.967 4.0028 2.1835 2.3221 2.8346 3.345 2.608 1.33 1.6203 1.6133 2.3034 12.326 13.981 6.5433 2.1308 4.7149 12.399 11.621 6.7315 2.8719 0.27228 0.5918 3.4662 4.8357 26.498
-999 -999 -999 50.297 42.071 14.851 17.49 7.153 4.829 4.4238 2.1844 2.3222 1.484 1.6487 1.4519 0.75536 0.45981 1.3401 4.3812 0.2195 0.20237 7.6587 13.231 11.955 8.8971 -999 -999 -999 -999 -999 2.6967
-999 -999 -999 49.508 34.618 12.475 12.249 8.685 6.6034 4.0573 2.6761 1.792 1.3243 1.4077 2.4849 2.5784 2.6693 1.1699 1.096 0.2259 0.78399 2.118 6.7292 -999 -999 -999 -999 -999 -999 -999 4.8327
-999 -999 -999 -999 -999 20.425 11.823 10.013 5.7072 3.0799 2.5971 1.5017 1.3686 1.1374 1.4605 4.0901 4.1356 0.17824 0.27857 0.28184 -999 -999 -999 -999 -999 -999 -999 -999 -999 -999 -999
-999 -999 -999 -999 -999 -999 -999 -999 6.4568 3.3088 2.1895 1.4469 1.0676 0.28209 0 0.44125 0 0 0 0 -999 -999 -999 -999 -999 -999 -999 -999 -999 -999 -999
-999 -999 -999 -999 -999 -999 -999 8.5822 6.6041 3.4353 2.8669 2.2342 0.81155 0 0 0 0 0 -999 -999 -999 -999 -999 -999 -999 -999 -999 -999 -999 -999 -999
-999 -999 -999 -999 -999 -999 5.7006 5.8256 5.3269 4.1418 3.7868 2.7734 1.4451 0 0 0 0.29283 -999 -999 -999 -999 -999 -999 -999 -999 -999 -999 -999 -999 -999 -999
-999 -999 -999 -999 -999 -999 3.7475 3.8249 4.1616 4.026 4.3698 3.3607 1.2663 0 0 0 0 -999 -999 -999 -999 -999 -999 -999 -999 -999 -999 -999 -999 -999 -999
-999 -999 -999 -999 -999 -999 10.151 15.736 11.017 5.3177 3.9474 2.224 0.23106 0.14232 0 2.0564 0 -999 -999 -999 -999 -999 -999 -999 -999 -999 -999 -999 -999 -999 -999
-999 -999 -999 -999 -999 -999 -999 30.441 29.295 14.148 3.0112 1.8562 0.30392 0.51991 1.1663 5.6815 4.1365 -999 -999 -999 -999 -999 -999 -999 -999 -999 -999 -999 -999 -999 -999
-999 -999 -999 -999 -999 -999 -999 -999 37.863 23.638 3.5844 1.7194 0 0.51433 2.9021 5.8924 6.2283 -999 -999 -999 -999 -999 -999 -999 -999 -999 -999 -999 -999 -999 -999
-999 -999 -999 -999 -999 -999 -999 56.266 38.396 15.095 4.9147 1.6848 0.37586 0 1.118 5.0815 6.2521 -999 -999 -999 -999 -999 -999 -999 -999 -999 -999 -999 -999 -999 -999
-999 -999 -999 -999 -999 -999 -999 36.746 20.963 5.7739 4.6029 1.5301 0.47899 0 0.48913 -999 -999 -999 -999 -999 -999 -999 -999 -999 -999 -999 -999 -999 -999 -999 -999
