PC_RASTER_CASE_STUDY/rain_grids/rn_13410.asc
ncols         31
nrows         25
xllcorner     73.125000
yllcorner     13.125000
cellsize      0.25
NODATA_value  -9999
-999 4.7541 18.366 16.648 2.6843 0 0 1.1091 -999 -999 -999 -999 -999 -999 -999 -999 -999 -999 -999 -999 -999 -999 -999 -999 -999 -999 -999 -999 -999 -999 -999
-999 0 10.798 6.6658 0 0 0.1326 1.0619 0.84707 -999 -999 -999 -999 -999 -999 -999 -999 -999 -999 -999 -999 -999 -999 -999 -999 -999 -999 -999 -999 -999 -999
-999 0 0 0 0 0 0 0.11973 0 0.66195 -999 -999 -999 -999 -999 -999 -999 -999 -999 -999 -999 -999 -999 -999 -999 -999 -999 -999 -999 -999 -999
0 0 0.57506 0.31972 0.52485 0.22265 0 0 0 0.16735 2.3322 5.1064 -999 -999 -999 -999 -999 -999 -999 -999 -999 -999 -999 -999 -999 -999 -999 -999 -999 -999 -999
-999 3.6775 1.235 1.6104 2.0585 2.276 0.29258 1.1578 0.59536 0.89888 2.8658 6.2778 -999 -999 -999 -999 -999 -999 -999 -999 -999 -999 -999 -999 -999 -999 -999 -999 -999 -999 -999
-999 6.0691 2.7018 1.1443 3.8283 3.6198 1.0488 2.639 8.7274 9.5891 5.5912 5.4186 21.594 33.413 12.177 -999 -999 -999 -999 -999 -999 -999 -999 -999 69.961 69.773 52.592 16.822 1.9026 -999 -999
-999 7.6222 4.5731 11.952 2.5106 2.9125 1.3379 3.136 6.3114 9.5081 5.7316 2.6894 2.8431 7.3938 6.5581 3.8658 2.6796 3.1259 1.9152 -999 -999 6.8007 24.627 55.942 62.448 62.576 40.177 9.2418 0 -999 -999
-999 -999 16.14 27 1.1398 1.2155 1.4494 11.602 16.907 15.384 5.9608 0.32423 1.1051 9.3095 16.382 3.1105 0.79743 13.525 7.9392 7.1011 6.4002 6.4965 13.383 24.931 36.109 34.621 19.02 11.142 4.388 0.39789 -999
-999 -999 10.27 2.0975 2.942 7.9079 2.8818 11.203 14.296 10.755 10.795 5.0197 4.6472 30.113 8.8859 14 9.5847 11.446 8.3155 6.1583 6.2224 6.3686 8.3158 8.852 13.164 23.023 13.736 1.1779 12.222 11.785 3.6652
-999 -999 2.3607 3.5856 4.3895 12.198 8.7377 15.698 16.023 53.221 188.43 19.243 32.377 26.317 12.808 15.461 10.552 7.796 3.7749 3.6602 5.0678 6.4134 7.0495 7.2083 9.1535 32.129 47.374 69.562 64.906 49.012 34.528
-999 -999 1.4669 2.5874 11.187 20.121 23.632 16.821 0.9481 32.552 23.433 23.909 36.631 60.53 10.758 7.5507 12.377 6.4148 2.535 2.8296 3.6855 5.7845 6.973 7.6632 11.797 30.254 73.673 114.28 98.295 42.968 40.936
-999 -999 3.0059 0.43971 4.0423 8.6842 20.23 59.009 28.701 38.668 24.449 21.552 19.935 6.6075 8.3497 9.4322 14.783 13.424 4.9803 4.2185 4.6391 5.4232 6.8611 10.615 17.272 53.048 86.857 95.469 83.001 30.611 28.579
-999 -999 3.7049 16.091 4.2206 9.3774 22.926 51.471 34.782 32.843 34.493 39.14 11.954 16.737 21.046 6.2346 17.763 12.778 11.55 8.0888 7.951 9.9223 8.9822 7.8741 20.281 57.672 73.054 75.034 71.914 36.667 18.227
-999 -999 -999 19.049 8.8733 14.102 14.705 32.2 146.36 59.693 63.967 68.725 54.693 9.699 40.135 11 12.492 13.3 10.264 10.681 12.079 12.599 13.599 11.688 18.663 -999 -999 -999 -999 -999 24.225
-999 -999 -999 13.073 20.439 13.592 17.368 36.246 93.134 30.02 91.903 10.172 92.663 45.977 85.231 15.882 12.209 11.504 9.7176 10.021 14.488 14.719 14.394 -999 -999 -999 -999 -999 -999 -999 31.375
-999 -999 -999 -999 -999 13.641 26.506 22 69.495 84.7 70.207 44.011 74.674 70.641 75.405 69.893 41.54 11.041 11.727 13.908 -999 -999 -999 -999 -999 -999 -999 -999 -999 -999 -999
-999 -999 -999 -999 -999 -999 -999 -999 56.84 69.516 45.84 62.354 98.716 68.452 89.178 67.535 67.812 66.653 22.897 18.501 -999 -999 -999 -999 -999 -999 -999 -999 -999 -999 -999
-999 -999 -999 -999 -999 -999 -999 49.658 73.697 30.489 56.994 63.119 54.766 89.241 52.091 48.297 60.712 69.291 -999 -999 -999 -999 -999 -999 -999 -999 -999 -999 -999 -999 -999
-999 -999 -999 -999 -999 -999 20.965 46.905 43.443 62.939 58.349 35.019 46.635 65.671 67.361 47.73 62.931 -999 -999 -999 -999 -999 -999 -999 -999 -999 -999 -999 -999 -999 -999
-999 -999 -999 -999 -999 -999 16.845 25.25 40.422 79.373 57.894 28.504 8.7818 31.457 43.757 30.923 54.534 -999 -999 -999 -999 -999 -999 -999 -999 -999 -999 -999 -999 -999 -999
-999 -999 -999 -999 -999 -999 12.437 22.915 9.0628 32.25 22.215 49.266 17.28 17.849 34.123 30.58 21.063 -999 -999 -999 -999 -999 -999 -999 -999 -999 -999 -999 -999 -999 -999
-999 -999 -999 -999 -999 -999 -999 66.442 27.521 13.157 45.229 25.115 48.205 19.054 23.47 41.164 27.396 -999 -999 -999 -999 -999 -999 -999 -999 -999 -999 -999 -999 -999 -999
-999 -999 -999 -999 -999 -999 -999 -999 7.3845 103.81 46.3 33.462 30.189 23.93 13 19.776 8.1102 -999 -999 -999 -999 -999 -999 -999 -999 -999 -999 -999 -999 -999 -999
-999 -999 -999 -999 -999 -999 -999 23.736 18.093 35.413 18.581 14.218 19.346 29.783 20.908 3.8 3.3222 -999 -999 -999 -999 -999 -999 -999 -999 -999 -999 -999 -999 -999 -999
-999 -999 -999 -999 -999 -999 -999 29.918 30.202 34.652 8.8428 18.961 15.94 17.083 19.342 -999 -999 -999 -999 -999 -999 -999 -999 -999 -999 -999 -999 -999 -999 -999 -999
