PC_RASTER_CASE_STUDY/rain_grids/rn_12307.asc
ncols         31
nrows         25
xllcorner     73.125000
yllcorner     13.125000
cellsize      0.25
NODATA_value  -9999
-999 9.1532 4.0496 5.4176 5.6114 12.717 41.984 59.27 -999 -999 -999 -999 -999 -999 -999 -999 -999 -999 -999 -999 -999 -999 -999 -999 -999 -999 -999 -999 -999 -999 -999
-999 13.413 5.499 6.1211 8.3209 24.058 53.096 56.83 43.724 -999 -999 -999 -999 -999 -999 -999 -999 -999 -999 -999 -999 -999 -999 -999 -999 -999 -999 -999 -999 -999 -999
-999 22.668 9.8058 6.9089 11.499 5.9266 20.843 27.777 28.124 10.061 -999 -999 -999 -999 -999 -999 -999 -999 -999 -999 -999 -999 -999 -999 -999 -999 -999 -999 -999 -999 -999
23.015 19.257 14.27 2.8263 4.4644 1.5985 4.6222 6.5941 11.49 1.3076 0.76925 0.15725 -999 -999 -999 -999 -999 -999 -999 -999 -999 -999 -999 -999 -999 -999 -999 -999 -999 -999 -999
-999 21.103 8.2806 5.1385 8.8259 9.472 4.398 3.6649 1.3399 29.764 12.458 0.16872 -999 -999 -999 -999 -999 -999 -999 -999 -999 -999 -999 -999 -999 -999 -999 -999 -999 -999 -999
-999 29.516 7.664 2.474 17.082 14.671 9.8172 9.4441 5.6001 16.687 7.3918 1.3641 1.7418 11.692 31.069 -999 -999 -999 -999 -999 -999 -999 -999 -999 5.4233 6.7585 24.728 34.675 46.09 -999 -999
-999 23.48 1.6883 13.713 19.239 11.226 9.5459 9.7604 9.6491 30.426 26.424 23.076 69.398 32.165 71.461 40.996 23.44 17.275 11.872 -999 -999 3.8691 4.8773 4.6272 5.5285 7.4088 11.832 39.684 39.515 -999 -999
-999 -999 14.372 17.407 16.662 15.965 9.648 26.747 30.453 29.844 30.635 41.171 38.759 46.622 30.2 25.848 26.893 28.291 18.281 4.2039 3.5534 3.2977 2.7946 2.7267 4.8392 8.2812 8.5348 23.202 34.366 37.565 -999
-999 -999 15.686 17.24 12.503 17.346 11.075 20.533 26.119 18.68 27.154 42.82 49.687 47.187 23.432 16.809 25.619 27.481 19.987 9.5313 3.6673 3.4262 2.0411 2.0147 7.4433 6.8698 9.5725 12.722 36.162 50.449 37.158
-999 -999 17.771 13.074 7.051 16.896 10.203 13.304 12.917 3.3282 21.942 36.783 28.201 14.189 30.948 44.705 43.807 31.494 12.867 4.8117 4.1965 3.5215 5.8736 8.4397 7.3421 4.3783 2.2058 7.9374 12.233 26.965 32.963
-999 -999 34.147 18.971 2.9803 1.8564 4.0613 19.51 30.018 20.037 17.845 34.101 43.106 28.428 2.3941 59.078 58.274 40.096 1.4649 1.3613 1.4813 0.45664 4.9657 7.0214 2.522 1.662 1.5916 4.6836 8.6275 14.523 14.815
-999 -999 96.777 21.025 15.841 30.831 8.541 25.389 68.257 56.942 19.124 4.4771 17.483 31.579 4.8344 31.418 13.298 3.5789 1.1926 0.28111 0 0 1.2385 2.4181 0.84203 2.7545 31.063 30.844 32.049 21.103 32.682
-999 -999 27.508 18.931 14.056 13.118 7.1653 12.246 29.675 36.451 8.0965 6.0715 2.7322 3.7747 20.831 2.5946 4.8966 9.7884 3.0666 2.4031 0.32533 0.10905 2.1629 4.8215 5.5522 25.733 53.83 55.022 49.812 47.538 4.1972
-999 -999 -999 8.9608 7.5851 3.8534 5.2423 9.144 9.6418 7.2055 8.0217 8.8434 6.0677 4.3631 9.8455 9 14.721 8.1415 6.1561 7.3929 6.1503 1.8708 5.4304 6.1958 21.232 -999 -999 -999 -999 -999 4.1237
-999 -999 -999 14.448 16.614 5.1625 0.71975 9.3793 2.7878 4.3384 17.577 9.0721 0.13168 1.2089 3.4685 3.4708 2.2661 1.5752 3.6706 7.581 13.136 11.895 15.535 -999 -999 -999 -999 -999 -999 -999 2.4057
-999 -999 -999 -999 -999 12.106 2.9412 4.6562 1.324 2.1714 3.1893 5.2155 1.8697 0 6.9988 4.4044 1.7376 0.55449 0.47259 8.084 -999 -999 -999 -999 -999 -999 -999 -999 -999 -999 -999
-999 -999 -999 -999 -999 -999 -999 -999 2.4253 2.3883 0.48549 0.29308 1.1719 2.0133 0.57565 1.4488 3.0081 7.264 2.8006 9.1788 -999 -999 -999 -999 -999 -999 -999 -999 -999 -999 -999
-999 -999 -999 -999 -999 -999 -999 2.95 1.2226 0 1.5043 0 0.31897 0.71213 0.36468 0.69752 3.7802 8.5408 -999 -999 -999 -999 -999 -999 -999 -999 -999 -999 -999 -999 -999
-999 -999 -999 -999 -999 -999 1.4547 0 0 0 2.0547 8.2938 5.788 0.65624 0 0 0 -999 -999 -999 -999 -999 -999 -999 -999 -999 -999 -999 -999 -999 -999
-999 -999 -999 -999 -999 -999 5.8635 0.14205 0.43416 1.1893 0.74136 6.7905 8.9672 3.8767 0 0 0 -999 -999 -999 -999 -999 -999 -999 -999 -999 -999 -999 -999 -999 -999
-999 -999 -999 -999 -999 -999 1.342 3.8825 0.49315 0 0 0 0.5268 0.23359 0 0 0 -999 -999 -999 -999 -999 -999 -999 -999 -999 -999 -999 -999 -999 -999
-999 -999 -999 -999 -999 -999 -999 0.66393 0.25516 0.66708 2.3076 0.88596 0 0 0 0 0 -999 -999 -999 -999 -999 -999 -999 -999 -999 -999 -999 -999 -999 -999
-999 -999 -999 -999 -999 -999 -999 -999 9.4897 1.5707 1.6169 1.161 3.4149 1.6644 0 4.8961 0.5864 -999 -999 -999 -999 -999 -999 -999 -999 -999 -999 -999 -999 -999 -999
-999 -999 -999 -999 -999 -999 -999 29.49 9.5356 6.7292 2.4307 1.3092 4.5757 1.9559 0 5.3805 1.4167 -999 -999 -999 -999 -999 -999 -999 -999 -999 -999 -999 -999 -999 -999
-999 -999 -999 -999 -999 -999 -999 5.2174 7.8111 11.123 0.97764 1.2079 0.71027 1.999 3.4233 -999 -999 -999 -999 -999 -999 -999 -999 -999 -999 -999 -999 -999 -999 -999 -999
