PC_RASTER_CASE_STUDY/rain_grids/rn_14483.asc
ncols         31
nrows         25
xllcorner     73.125000
yllcorner     13.125000
cellsize      0.25
NODATA_value  -9999
-999 11.611 0 0 0 1.3009 3.2573 5.1658 -999 -999 -999 -999 -999 -999 -999 -999 -999 -999 -999 -999 -999 -999 -999 -999 -999 -999 -999 -999 -999 -999 -999
-999 1.9635 1.7971 1.2272 0 1.2064 6.4071 11.009 23.644 -999 -999 -999 -999 -999 -999 -999 -999 -999 -999 -999 -999 -999 -999 -999 -999 -999 -999 -999 -999 -999 -999
-999 1.1295 2.9598 0.37067 0 4.1842 15.48 29.971 45.932 26.343 -999 -999 -999 -999 -999 -999 -999 -999 -999 -999 -999 -999 -999 -999 -999 -999 -999 -999 -999 -999 -999
34.457 4.4219 0 0 1.7779 5.0316 17.204 23.122 37.902 45.497 18.581 13.527 -999 -999 -999 -999 -999 -999 -999 -999 -999 -999 -999 -999 -999 -999 -999 -999 -999 -999 -999
-999 17.65 0 0 1.5914 4.0998 13.076 9.4709 38.373 66.793 38.603 17.591 -999 -999 -999 -999 -999 -999 -999 -999 -999 -999 -999 -999 -999 -999 -999 -999 -999 -999 -999
-999 11.154 0.42854 0.12496 2.9495 3.8262 8.6407 11.192 47.73 58.758 29.096 20.287 21.72 53.637 73.125 -999 -999 -999 -999 -999 -999 -999 -999 -999 0.95931 0 0.244 2.8062 17.591 -999 -999
-999 11.907 2.3735 2.49 4.6447 2.6453 5.4677 4.9031 15.718 56.299 18.839 11.567 34.111 49.695 54.738 40.721 34.007 35.145 50.74 -999 -999 82.998 27.69 5.8789 3.5795 3.8729 7.5304 15.347 22.683 -999 -999
-999 -999 2.3546 1.2844 6.2085 2.9763 2.9847 5.7754 9.7218 18.208 16.478 8.3161 29.099 45.652 17.678 15.332 32.409 32.925 36.705 42.261 47.177 63.728 34.227 11.921 6.64 6.1757 10.402 14.947 19.554 23.146 -999
-999 -999 0.16973 0.87556 3.1878 6.8064 9.7377 9.8175 10.863 20.65 29.901 14.732 5.9919 32.764 26.315 11.904 37.234 36.537 25.074 54.879 24.785 3.7208 10.718 6.6043 9.4242 7.0378 6.9816 7.864 24.251 26.759 26.36
-999 -999 4.2345 0.23383 2.1566 14.507 12.067 13.599 15.932 27.213 48.108 20.532 12.458 41.396 15.289 8.0474 36.471 46.237 22.413 52.142 36.776 5.7947 12.391 27.313 18.754 10.847 6.7682 18.154 28.287 29.582 30.695
-999 -999 8.6692 0.37131 0 0.42386 8.3072 12.078 13.247 21.957 46.399 33.511 14.162 18.332 5.1328 10.687 50.167 46.922 15.976 22.938 8.9268 6.6437 9.964 20.103 20.603 24.434 25.436 28.598 30.78 35.717 30.579
-999 -999 24.49 0.66724 0.63307 3.1589 5.086 11.099 12.139 21.268 35.128 73.498 25.613 16.267 32.693 65.265 61.685 52.785 11.342 14.754 15.308 8.5313 12.71 18.355 19.112 31.467 42.225 23.351 47.128 43.337 30.776
-999 -999 18.892 1.1253 4.7501 4.6756 6.8155 17.284 24.405 20.634 28.558 27.244 119.76 70.57 30.082 11.361 28.519 24.426 9.2464 6.5845 7.4185 15.727 15.636 18.51 18.566 30.734 30.557 25.349 37.447 47.139 33.344
-999 -999 -999 1.5192 3.9622 19.256 12.507 36.169 51.433 21.557 28.11 36.472 81.209 79.67 31.054 21.901 6.1913 8.1724 9.5436 8.0057 9.2096 18.161 15.869 16.267 20.357 -999 -999 -999 -999 -999 21.078
-999 -999 -999 7.193 8.6646 24.552 24.671 26.657 87.203 36.832 32.115 45.79 45.957 48.979 58.729 26.299 10.305 10.25 8.9997 11.047 27.622 22.619 10.634 -999 -999 -999 -999 -999 -999 -999 33.02
-999 -999 -999 -999 -999 8.6107 18.689 20.995 47.184 48.322 30.499 37.496 50.729 39.792 59.01 49.363 37.16 17.46 6.383 8.2214 -999 -999 -999 -999 -999 -999 -999 -999 -999 -999 -999
-999 -999 -999 -999 -999 -999 -999 -999 23.896 35.774 19.885 39.032 93.691 18.9 13.347 50.819 47.394 32.322 10.847 7.547 -999 -999 -999 -999 -999 -999 -999 -999 -999 -999 -999
-999 -999 -999 -999 -999 -999 -999 4.9387 8.9547 14.621 29.162 18.17 6.338 7.1117 5.8581 21.254 24.317 31.733 -999 -999 -999 -999 -999 -999 -999 -999 -999 -999 -999 -999 -999
-999 -999 -999 -999 -999 -999 24.711 23.389 13.86 10.117 14.402 17.116 8.5828 3.0331 3.9912 4.3424 6.1264 -999 -999 -999 -999 -999 -999 -999 -999 -999 -999 -999 -999 -999 -999
-999 -999 -999 -999 -999 -999 23.499 20.315 17.867 10.406 16.344 4.9247 1.5891 2.0273 2.6161 0.4351 2.2741 -999 -999 -999 -999 -999 -999 -999 -999 -999 -999 -999 -999 -999 -999
-999 -999 -999 -999 -999 -999 6.7751 19.049 7.8898 6.0439 16.817 16.902 1.7262 0.50246 3.8227 1.7341 3.8007 -999 -999 -999 -999 -999 -999 -999 -999 -999 -999 -999 -999 -999 -999
-999 -999 -999 -999 -999 -999 -999 28.412 25.538 23.469 10.33 10.029 11.086 4.5186 5.6662 3.8831 6.2407 -999 -999 -999 -999 -999 -999 -999 -999 -999 -999 -999 -999 -999 -999
-999 -999 -999 -999 -999 -999 -999 -999 21.125 44.12 20.535 17.847 32.589 3.8857 5.6 2.8252 13.502 -999 -999 -999 -999 -999 -999 -999 -999 -999 -999 -999 -999 -999 -999
-999 -999 -999 -999 -999 -999 -999 37.888 20.942 27.704 12.786 15.955 33.514 3.2199 5.3845 6.179 8.325 -999 -999 -999 -999 -999 -999 -999 -999 -999 -999 -999 -999 -999 -999
-999 -999 -999 -999 -999 -999 -999 42.642 34.263 20.104 15.518 12.953 0.97124 1.3128 4.8771 -999 -999 -999 -999 -999 -999 -999 -999 -999 -999 -999 -999 -999 -999 -999 -999
