PC_RASTER_CASE_STUDY/rain_grids/rn_12683.asc
ncols         31
nrows         25
xllcorner     73.125000
yllcorner     13.125000
cellsize      0.25
NODATA_value  -9999
-999 21.132 22.593 18.487 13.832 13.3 27.559 0 -999 -999 -999 -999 -999 -999 -999 -999 -999 -999 -999 -999 -999 -999 -999 -999 -999 -999 -999 -999 -999 -999 -999
-999 26.067 45.649 79.058 97.575 97.8 96.937 29.67 17.645 -999 -999 -999 -999 -999 -999 -999 -999 -999 -999 -999 -999 -999 -999 -999 -999 -999 -999 -999 -999 -999 -999
-999 48.218 79.677 90.44 91.421 89.222 96.074 4.1 4.1051 16.223 -999 -999 -999 -999 -999 -999 -999 -999 -999 -999 -999 -999 -999 -999 -999 -999 -999 -999 -999 -999 -999
60.879 83.741 83.629 78.157 69.856 58.696 12.028 4.0998 4.1 4.2162 6.6993 17.663 -999 -999 -999 -999 -999 -999 -999 -999 -999 -999 -999 -999 -999 -999 -999 -999 -999 -999 -999
-999 81.973 77.442 65.615 52.382 48.635 8.8593 4.0643 4.1 4.1 4.1386 4.6775 -999 -999 -999 -999 -999 -999 -999 -999 -999 -999 -999 -999 -999 -999 -999 -999 -999 -999 -999
-999 95.419 81.551 53.834 40.296 28.013 3.7112 3.9544 4.0993 4.1 4.1 4.102 4.259 6.8589 64.815 -999 -999 -999 -999 -999 -999 -999 -999 -999 116.81 60.525 96.775 115.53 143.45 -999 -999
-999 83.153 57.691 20.384 25.136 11.141 1.7543 3.6652 4.0798 4.0999 4.1 4.1 4.1381 6.7415 39.325 55.767 64.859 96.345 95.996 -999 -999 99.13 161.91 142.36 99.802 83.735 82.647 121.16 101.69 -999 -999
-999 -999 13.079 1.5466 3.6186 2.0659 0.50399 2.9514 3.9929 4.0968 4.1 4.1 4.2533 10.015 43.555 54.059 55.747 60.328 68.439 58.272 44.177 58.288 94.028 108.87 94.296 82.88 66.469 90.28 83.31 80.049 -999
-999 -999 19.528 2.2464 1.7232 0.80638 0.4566 1.2515 3.6935 4.0677 4.0994 4.1003 4.5503 16.055 51.365 52.482 53.685 54.351 70.348 60.722 45.119 50.618 72.308 60.488 72.36 76.442 72.126 82.752 90.509 105.47 65.075
-999 -999 31.885 3.8943 1.4096 0.25345 0.47301 0.66001 1.9248 3.926 4.0934 4.1002 5.2996 31.559 49.837 50.811 48.94 42.719 61.45 58.807 54.08 50.969 68.783 47.642 68.192 69.228 38.588 35.677 32.178 57.268 54.898
-999 -999 25.765 3.1285 2.2702 0.1505 0.53627 0.63312 0.78634 3.3506 4.0675 4.1018 6.4621 34.796 42.159 51.248 54.27 64.839 73.897 73.274 83.669 101.35 84.255 65.998 85.903 70.888 36.977 23.372 21.763 25.8 28.873
-999 -999 18.856 3.5364 2.0114 1.4238 0.99174 0.71226 0.33547 1.1225 3.973 5.1916 15.914 18.872 19.805 24.855 52.364 65.336 75.891 80.433 103.39 114.66 112.71 101.47 88.107 61.835 33.207 26.752 15.335 12.442 9.0861
-999 -999 6.7617 5.9869 3.959 2.3068 1.939 1.0048 0.23575 0 9.6584 17.466 17.824 18.127 18.393 18.633 19.093 38.424 52.019 71.185 100.3 113.55 121.29 114.87 85.758 47.989 39.947 36.808 18.908 27.108 5.5886
-999 -999 -999 13.517 13.799 12.174 9.8964 5.7516 1.5348 0 17.257 17.649 17.933 18.059 18.394 18 18.826 20.429 22.342 24.4 44.166 113.95 115.71 117.77 75.169 -999 -999 -999 -999 -999 15.316
-999 -999 -999 15.776 15.273 15.039 15.173 15.841 14.912 10.142 17.56 17.5 17.616 17.647 17.833 17.986 20.36 20.792 21.089 23.286 36.901 56.053 82.773 -999 -999 -999 -999 -999 -999 -999 15.082
-999 -999 -999 -999 -999 13.777 13.663 13.723 13.869 8.0943 9.4593 13.14 13.818 14.462 15.915 16.573 17.227 18.126 15.986 26.294 -999 -999 -999 -999 -999 -999 -999 -999 -999 -999 -999
-999 -999 -999 -999 -999 -999 -999 -999 11.196 7.8 1.4985 3.2725 4.7228 5.0218 8.8706 9.5379 8.2256 10.285 13.94 30.119 -999 -999 -999 -999 -999 -999 -999 -999 -999 -999 -999
-999 -999 -999 -999 -999 -999 -999 10.631 9.0532 6.8978 1.1895 1.4536 2.1707 2.1375 2.3668 3.5244 7.3475 7.9292 -999 -999 -999 -999 -999 -999 -999 -999 -999 -999 -999 -999 -999
-999 -999 -999 -999 -999 -999 9.7659 9.247 7.9235 1.0759 1.0188 1.0758 1.3142 1.4893 1.3137 1.316 2.8376 -999 -999 -999 -999 -999 -999 -999 -999 -999 -999 -999 -999 -999 -999
-999 -999 -999 -999 -999 -999 8.5202 8.3016 7.8 0.13269 0.90076 0.92881 0.98349 1.0377 0.90923 0.88919 1.8325 -999 -999 -999 -999 -999 -999 -999 -999 -999 -999 -999 -999 -999 -999
-999 -999 -999 -999 -999 -999 8.4643 7.8848 7.1528 2.5929 0.60066 0.69206 0.72344 0.59721 0.53116 0.3601 0.15451 -999 -999 -999 -999 -999 -999 -999 -999 -999 -999 -999 -999 -999 -999
-999 -999 -999 -999 -999 -999 -999 7.3485 5.7735 2.4855 0 0.23153 0.27931 0.24068 0 0 0 -999 -999 -999 -999 -999 -999 -999 -999 -999 -999 -999 -999 -999 -999
-999 -999 -999 -999 -999 -999 -999 -999 4.1984 1.6353 0 0 0 0 0 0 0 -999 -999 -999 -999 -999 -999 -999 -999 -999 -999 -999 -999 -999 -999
-999 -999 -999 -999 -999 -999 -999 4.2448 2.1224 0.70746 0 0 0 0 0 0 0 -999 -999 -999 -999 -999 -999 -999 -999 -999 -999 -999 -999 -999 -999
-999 -999 -999 -999 -999 -999 -999 0 0 0 0 0 0 0 0 -999 -999 -999 -999 -999 -999 -999 -999 -999 -999 -999 -999 -999 -999 -999 -999
