PC_RASTER_CASE_STUDY/rain_grids/rn_11544.asc
ncols         31
nrows         25
xllcorner     73.125000
yllcorner     13.125000
cellsize      0.25
NODATA_value  -9999
-999 41.928 11.023 6.4958 2.1064 1.5077 3.4929 0.4295 -999 -999 -999 -999 -999 -999 -999 -999 -999 -999 -999 -999 -999 -999 -999 -999 -999 -999 -999 -999 -999 -999 -999
-999 44.396 9.8365 7.2338 2.3864 2.7078 3.3888 1.0521 2.0665 -999 -999 -999 -999 -999 -999 -999 -999 -999 -999 -999 -999 -999 -999 -999 -999 -999 -999 -999 -999 -999 -999
-999 17.977 9.9052 6.0129 2.9056 3.5857 3.3469 0.20863 1.2865 4.7501 -999 -999 -999 -999 -999 -999 -999 -999 -999 -999 -999 -999 -999 -999 -999 -999 -999 -999 -999 -999 -999
94.467 29.253 8.8151 5.3964 2.8146 1.2363 3.0078 0 0.96977 1.3971 1.3033 2.691 -999 -999 -999 -999 -999 -999 -999 -999 -999 -999 -999 -999 -999 -999 -999 -999 -999 -999 -999
-999 49.059 11.182 6.26 0.89719 0.37123 1.774 1.9237 1.8805 2.9254 2.8132 3.3495 -999 -999 -999 -999 -999 -999 -999 -999 -999 -999 -999 -999 -999 -999 -999 -999 -999 -999 -999
-999 110.05 17.464 9.7645 1.2693 0.2994 1.5528 2.6287 3.7306 4.9261 3.7638 2.8707 4.8069 13.623 18.206 -999 -999 -999 -999 -999 -999 -999 -999 -999 41.918 40.43 69.901 63.488 39.231 -999 -999
-999 90.209 25.902 8.3492 2.2196 0 0.71447 3.6101 3.8196 7.4466 9.7636 7.2414 25.211 46.667 26.77 22.921 21.378 24.634 24.594 -999 -999 21.199 12.838 20.163 25.466 43.634 40.572 23.542 21.755 -999 -999
-999 -999 15.998 11.917 1.4028 1.1233 0.38309 4.4535 1.2881 2.2079 9.3711 13.422 2.679 21.58 29.923 38.015 28.53 9.0809 36.057 34.72 25.714 24.413 20.975 12.471 16.204 25.4 22.82 21.947 20.897 23.863 -999
-999 -999 15.228 4.3035 3.3216 3.9492 1.393 4.9416 4.4263 3.9416 7.3793 10.81 22.29 28.488 33.314 25.597 30.418 33.965 48.709 37.563 26.821 23.007 9.3088 2.8633 13.551 17.826 25.065 31.62 25.847 25.576 9.8908
-999 -999 39.942 11.427 4.5858 5.6777 9.05 6.5429 6.8156 3.3204 3.7787 13.382 19.657 24.928 31.494 18.747 28.245 36.459 50.133 30.962 27.535 28.8 18.516 10.212 13.519 16.885 16.872 13.136 9.454 10.303 4.3599
-999 -999 83.881 33.755 18.795 13.122 15.401 12.751 7.8558 12.937 27.442 19.159 17.84 18.195 9.1581 19.522 16.603 21.02 38.619 36.895 22.521 27.823 33.328 19.185 20.497 19.678 14.572 9.7609 11.002 11.878 5.8232
-999 -999 196.56 76.235 20.006 12.341 21.482 9.4036 12.209 9.5448 25.193 20.75 13.802 21.751 16.857 21.995 20.531 16.463 36.879 20.744 18.983 24.892 30.816 25.557 20.734 22.755 23.792 20.846 36.821 20.766 17.081
-999 -999 95.99 52.788 30.577 5.5138 4.1643 4.5691 13.659 5.5743 25.051 17.572 22.466 22.858 24.598 22.638 13.139 15.291 15.028 17 19.479 22.573 22.411 18.162 17.725 21.649 23.187 25.046 31.104 33.931 19.148
-999 -999 -999 16.12 33.206 17.165 12.522 4 3.4792 7.2255 5.9204 9.8428 24.264 18.446 23.164 19 15.69 13.512 10.57 13.372 13.743 11.255 18.248 14.44 7.089 -999 -999 -999 -999 -999 19.194
-999 -999 -999 166.07 117.08 34.613 15.231 9.3419 4.6988 13.766 6.477 14.929 7.9679 7.9147 9.9903 14.969 14.108 9.0601 9.9212 10.352 10.46 9.5881 12.186 -999 -999 -999 -999 -999 -999 -999 15.941
-999 -999 -999 -999 -999 64.579 43.586 1.4 19.427 18.572 2.5852 9.4354 6.1689 6.1098 10.411 10.837 12.782 10.08 11.585 7.6245 -999 -999 -999 -999 -999 -999 -999 -999 -999 -999 -999
-999 -999 -999 -999 -999 -999 -999 -999 20.314 17.998 13.696 12.775 15.145 8.7156 13.791 9.1086 15.095 19.08 11.699 5.7159 -999 -999 -999 -999 -999 -999 -999 -999 -999 -999 -999
-999 -999 -999 -999 -999 -999 -999 19.319 11.641 6.9595 11.676 12.293 23.754 28.347 15.038 10.215 15.095 18.757 -999 -999 -999 -999 -999 -999 -999 -999 -999 -999 -999 -999 -999
-999 -999 -999 -999 -999 -999 79.122 36.912 19.606 15.797 17.4 17.296 8.873 8.237 4.4272 7.4211 4.1212 -999 -999 -999 -999 -999 -999 -999 -999 -999 -999 -999 -999 -999 -999
-999 -999 -999 -999 -999 -999 85.254 45.784 29.529 23.41 15.878 15.791 9.2944 4.4893 5.3225 4.2637 2.2558 -999 -999 -999 -999 -999 -999 -999 -999 -999 -999 -999 -999 -999 -999
-999 -999 -999 -999 -999 -999 108.83 64.211 19.751 9.722 37.664 15.041 10.12 6.0568 8.8425 0.18304 4.8443 -999 -999 -999 -999 -999 -999 -999 -999 -999 -999 -999 -999 -999 -999
-999 -999 -999 -999 -999 -999 -999 57.493 29.011 26.177 17.742 12.174 24.524 5.5977 9.2159 6.74 4.2589 -999 -999 -999 -999 -999 -999 -999 -999 -999 -999 -999 -999 -999 -999
-999 -999 -999 -999 -999 -999 -999 -999 34.794 10.467 12.29 8.7864 6.2685 3.7682 3.8 6.8987 5.5395 -999 -999 -999 -999 -999 -999 -999 -999 -999 -999 -999 -999 -999 -999
-999 -999 -999 -999 -999 -999 -999 37.673 38.435 16.873 0.42906 2.2241 1.8026 2.952 4.5984 10.3 6.0655 -999 -999 -999 -999 -999 -999 -999 -999 -999 -999 -999 -999 -999 -999
-999 -999 -999 -999 -999 -999 -999 47.343 46.495 47.181 1.0728 1.5134 2.1554 1.545 0.93318 -999 -999 -999 -999 -999 -999 -999 -999 -999 -999 -999 -999 -999 -999 -999 -999
