PC_RASTER_CASE_STUDY/rain_grids/rn_1391.asc
ncols         31
nrows         25
xllcorner     73.125000
yllcorner     13.125000
cellsize      0.25
NODATA_value  -9999
-999 7.8744 26.012 20.626 8.3526 4.6638 0.23948 0 -999 -999 -999 -999 -999 -999 -999 -999 -999 -999 -999 -999 -999 -999 -999 -999 -999 -999 -999 -999 -999 -999 -999
-999 3.1254 11.135 19.698 16.872 9.8823 0.62661 1.9896 4.8831 -999 -999 -999 -999 -999 -999 -999 -999 -999 -999 -999 -999 -999 -999 -999 -999 -999 -999 -999 -999 -999 -999
-999 0.61282 23.512 15.86 4.856 1.1265 3.9559 9.7214 4.2692 1.734 -999 -999 -999 -999 -999 -999 -999 -999 -999 -999 -999 -999 -999 -999 -999 -999 -999 -999 -999 -999 -999
17.137 0 7.804 11.087 5.1664 1.1865 5.2719 12.156 13.518 3.7412 10.609 16.075 -999 -999 -999 -999 -999 -999 -999 -999 -999 -999 -999 -999 -999 -999 -999 -999 -999 -999 -999
-999 0.32856 1.6368 13.336 12.733 13.829 15.088 9.0942 20.211 9.2788 23.71 33.528 -999 -999 -999 -999 -999 -999 -999 -999 -999 -999 -999 -999 -999 -999 -999 -999 -999 -999 -999
-999 11.062 3.6533 10.724 6.4846 14.215 7.6947 10.447 13.533 17.189 36.088 41.787 37.268 32.946 28.512 -999 -999 -999 -999 -999 -999 -999 -999 -999 5.8395 9.7493 11.903 14.885 10.127 -999 -999
-999 10.375 2.3429 2.6467 7.785 13.65 3.659 23.102 8.3269 23.15 18.145 13.207 50.921 65.35 30.968 45.904 14.838 7.6068 3.8851 -999 -999 3.1361 9.5095 8.8666 7.8382 4.8844 3.6725 1.8942 0.36846 -999 -999
-999 -999 9.0833 0.83274 2.1406 9.118 27.81 68.919 26.68 19.024 10.38 2.1439 55.472 66.583 31.866 44.454 38.851 17.946 15.306 5.8863 3.7549 8.1571 14.714 11.196 13.059 6.182 0.43549 0.28148 1.461 1.9115 -999
-999 -999 14.374 1.4404 6.6274 13.962 27.324 40.226 29.064 12.548 1.922 13.385 16.613 50.711 53.998 56.71 29.975 23.713 25.642 24.41 22.795 4.5925 10.183 12.683 18.448 17.721 2.5165 1.6273 5.7878 9.0618 6.5127
-999 -999 36.33 20.296 18.44 19.963 17.671 7.9505 8.1857 11.877 6.6298 13.731 3.5542 40.212 59.395 63.254 33.372 40.015 20.221 31.826 42.039 28.453 18.691 15.912 16.601 17.946 13.854 2.5954 11.111 12.29 8.9417
-999 -999 37.495 24.655 26.79 40.716 17.496 29.638 22.387 18.897 16.437 14.228 23.053 43.662 34.476 103.99 43.143 39.934 30.4 32.915 56.953 46.221 30.149 24.552 22.543 22.081 18.18 3.007 4.368 0.22389 14.854
-999 -999 27.753 42.009 54.397 12.302 28.582 9.0996 22.578 27.837 14.399 19.973 21.088 29.905 52.605 51.642 70.422 81.989 61.024 81.035 65.513 43.544 28.23 29.581 30.596 35.024 28.482 34.099 22.369 12.603 20.549
-999 -999 20.203 33.547 48.602 49.037 27.727 19.52 24.291 48.832 21.993 29.571 31.009 35.672 49.554 38.77 32.975 98.229 95.23 70.477 40.737 25.12 6.6642 21.621 36.806 30.615 23.445 25.817 44.831 26.613 13.72
-999 -999 -999 25.396 28.613 20.135 26.404 15.644 3.5218 20.127 26.541 22.174 42.925 36.415 42.043 44.086 78.927 67.672 62.084 55.693 38.671 29.455 13.631 28.584 50.767 -999 -999 -999 -999 -999 34.472
-999 -999 -999 5.8302 30.778 25.892 22.638 31.988 24.95 24.616 20.595 28.112 30.658 19.468 28.327 35.594 51.487 62.629 59.732 23.845 51.383 34.315 38.782 -999 -999 -999 -999 -999 -999 -999 30.487
-999 -999 -999 -999 -999 27.993 3.3768 8.7534 34.854 8.2074 8.5488 12.493 35.028 41.806 19.212 42.286 44.215 43.682 35.755 34.975 -999 -999 -999 -999 -999 -999 -999 -999 -999 -999 -999
-999 -999 -999 -999 -999 -999 -999 -999 19.179 24.635 9.8254 19.388 20.881 53.232 17.018 35.572 41.394 11.392 23.603 38.4 -999 -999 -999 -999 -999 -999 -999 -999 -999 -999 -999
-999 -999 -999 -999 -999 -999 -999 8.2412 5.3335 21.523 1.0304 9.1409 33.785 49.731 20.426 15.463 9.8036 6.2532 -999 -999 -999 -999 -999 -999 -999 -999 -999 -999 -999 -999 -999
-999 -999 -999 -999 -999 -999 6.5785 26.787 7.7843 40.556 16.111 18.708 23.267 57.887 49.135 15.491 10.21 -999 -999 -999 -999 -999 -999 -999 -999 -999 -999 -999 -999 -999 -999
-999 -999 -999 -999 -999 -999 1.9605 8.4626 2.5241 29.969 48.497 49.317 6.0961 15.64 21.907 8.827 8.0137 -999 -999 -999 -999 -999 -999 -999 -999 -999 -999 -999 -999 -999 -999
-999 -999 -999 -999 -999 -999 3.3417 5.4255 1.3269 18.35 18.77 7.8525 13.78 26.503 3.7688 0.20171 5.2281 -999 -999 -999 -999 -999 -999 -999 -999 -999 -999 -999 -999 -999 -999
-999 -999 -999 -999 -999 -999 -999 0 0 10.044 0.38992 10.367 7.1067 4.7728 7.6045 4.6454 5.7585 -999 -999 -999 -999 -999 -999 -999 -999 -999 -999 -999 -999 -999 -999
-999 -999 -999 -999 -999 -999 -999 -999 1.4596 1.8774 0 0 3.2106 6.2259 99.1 13.658 24.154 -999 -999 -999 -999 -999 -999 -999 -999 -999 -999 -999 -999 -999 -999
-999 -999 -999 -999 -999 -999 -999 3.8728 17.851 3.2633 0 1.2669 4.2774 9.1211 3.6257 0 3.4466 -999 -999 -999 -999 -999 -999 -999 -999 -999 -999 -999 -999 -999 -999
-999 -999 -999 -999 -999 -999 -999 2.8108 1.3751 1.3999 0 10.781 1.566 5.6823 6.3712 -999 -999 -999 -999 -999 -999 -999 -999 -999 -999 -999 -999 -999 -999 -999 -999
