PC_RASTER_CASE_STUDY/rain_grids/rn_13738.asc
ncols         31
nrows         25
xllcorner     73.125000
yllcorner     13.125000
cellsize      0.25
NODATA_value  -9999
-999 151.78 93.039 54.854 24.937 15.351 15.741 10.486 -999 -999 -999 -999 -999 -999 -999 -999 -999 -999 -999 -999 -999 -999 -999 -999 -999 -999 -999 -999 -999 -999 -999
-999 165.99 111.95 33.159 18.34 16.545 13.473 7.8524 8.7984 -999 -999 -999 -999 -999 -999 -999 -999 -999 -999 -999 -999 -999 -999 -999 -999 -999 -999 -999 -999 -999 -999
-999 196.11 189.17 20.706 14.089 6.9775 7.7208 5.1699 5.9096 6.0099 -999 -999 -999 -999 -999 -999 -999 -999 -999 -999 -999 -999 -999 -999 -999 -999 -999 -999 -999 -999 -999
229.52 213.59 187.87 38.67 13.414 5.648 3.7783 1.2487 3.297 8.0948 4.2508 4.7825 -999 -999 -999 -999 -999 -999 -999 -999 -999 -999 -999 -999 -999 -999 -999 -999 -999 -999 -999
-999 322.07 162.81 65.244 27.067 13.92 3.1588 0.93672 2.8343 9.5374 11.057 11.939 -999 -999 -999 -999 -999 -999 -999 -999 -999 -999 -999 -999 -999 -999 -999 -999 -999 -999 -999
-999 410.86 156.2 60.562 16.687 21.147 13.25 2.7539 2.8094 2.8914 7.5954 6.4702 10.093 8.2851 3.604 -999 -999 -999 -999 -999 -999 -999 -999 -999 11.014 11.09 12.209 16.596 19.993 -999 -999
-999 277.47 144.03 80.76 33.109 42.67 18.716 2.783 2.1981 0.68129 6.6636 7.8993 10.482 28.866 20.707 6.1241 11.201 6.4538 8.8287 -999 -999 8.1957 9.6118 9.5994 10.659 11.111 13.878 18.605 22.717 -999 -999
-999 -999 103.69 89.335 35.285 34.598 12.887 2.8748 3.4624 2.9621 5.1881 10.832 7.8509 3.6096 3.6 43.576 20.526 7.0197 7.5233 5.0055 2.7313 4.4569 4.6506 5.9015 8.9774 11.051 14.495 16.629 23.777 25.228 -999
-999 -999 104.52 89.76 58.477 14.778 6.884 4.5329 3.7756 1.4508 0.79805 2.2953 0.97598 5.5297 1.841 15.939 13.197 9.0277 8.1214 3.8599 2.8973 3.319 3.6505 4.1879 5.3799 9.3906 12.984 14.212 18.489 21.446 14.943
-999 -999 70.959 68.976 43.598 13.786 6.324 7.1099 3.8759 0 2.8711 2.2934 0.34772 0.47768 13.643 7.4228 7.6222 7.2198 6.0013 4.9657 3.8812 3.6669 3.925 4.1959 4.381 5.9976 10.545 10.468 11.468 8.6155 9.5167
-999 -999 129.66 55.568 38.382 11.518 9.9924 6.9038 1.97 0 5.0893 2.8364 1.0886 4.2974 5.0102 0 2.3971 6.4604 5.2256 5.1654 4.5136 4.073 4.0691 4.1467 4.1876 4.5811 7.4226 7.2611 6.4845 2.1396 1.5358
-999 -999 318.02 148.19 36.848 27.788 8.1187 4.4341 3.9478 1.4597 0.88561 0.37963 0.10945 0.86057 2.4201 0.53064 0.81913 0.25911 3.928 4.2201 3.8264 4.4665 4.1038 4.0908 4.0455 4.2064 5.8231 5.0726 4.1846 0.83794 0.74789
-999 -999 205.27 95.831 91.827 37.075 10.032 8.3007 8.8952 5.558 3.9778 1.7787 1.5122 2.3089 1.2171 0.45303 0.72534 0.15921 1.0518 2.3983 2.9383 2.9506 3.8245 3.9713 3.8986 3.7923 3.8947 2.2849 1.5671 0.52596 0.12061
-999 -999 -999 97.575 81.559 38.028 28.852 17.2 9.7743 11.396 8.3341 3.3601 1.3163 1.2199 0.63473 5 1.1815 0.6465 1.478 1.6285 1.946 2.052 2.517 3.1247 2.8807 -999 -999 -999 -999 -999 0
-999 -999 -999 192.79 156.9 75.272 29.979 13.305 5.8549 31.467 8.6219 5.2709 3.1847 2.6209 0.90439 1.2076 0.55999 0.94533 1.6461 1.7243 1.9233 1.9346 2.0065 -999 -999 -999 -999 -999 -999 -999 0
-999 -999 -999 -999 -999 107.18 100.82 2.6 16.744 18.518 11.191 4.8586 4.4888 4.4929 1.8001 1.8 1.0956 1.1655 1.637 1.8717 -999 -999 -999 -999 -999 -999 -999 -999 -999 -999 -999
-999 -999 -999 -999 -999 -999 -999 -999 44.719 19.425 3.7448 2.0682 3.1691 0.61515 0.54293 2.1009 2.218 1.7936 1.7805 1.7917 -999 -999 -999 -999 -999 -999 -999 -999 -999 -999 -999
-999 -999 -999 -999 -999 -999 -999 40.124 13.228 111.62 10.304 5.6133 4.7169 3.562 2.2779 3.3443 2.1964 1.1284 -999 -999 -999 -999 -999 -999 -999 -999 -999 -999 -999 -999 -999
-999 -999 -999 -999 -999 -999 111.02 45.748 15.601 18.419 8.414 4.3025 0.28089 1.7799 1.4845 2.9688 1.1142 -999 -999 -999 -999 -999 -999 -999 -999 -999 -999 -999 -999 -999 -999
-999 -999 -999 -999 -999 -999 157.89 50.226 36.969 19.021 20.888 10.556 8.7484 5.3825 6.2284 1.5897 0.30133 -999 -999 -999 -999 -999 -999 -999 -999 -999 -999 -999 -999 -999 -999
-999 -999 -999 -999 -999 -999 106.77 52.717 41.902 17.665 67.417 8.2412 4.0446 3.7146 6.3343 0 0 -999 -999 -999 -999 -999 -999 -999 -999 -999 -999 -999 -999 -999 -999
-999 -999 -999 -999 -999 -999 -999 77.13 50.648 29.651 23.713 14.013 13.562 9.0701 2.8172 0 0 -999 -999 -999 -999 -999 -999 -999 -999 -999 -999 -999 -999 -999 -999
-999 -999 -999 -999 -999 -999 -999 -999 139.23 71.29 35.879 8.1972 7.3139 11.946 2 0.23093 0 -999 -999 -999 -999 -999 -999 -999 -999 -999 -999 -999 -999 -999 -999
-999 -999 -999 -999 -999 -999 -999 93.676 182.83 99.646 29.524 23.839 13.986 3.2275 5.3705 0 2.1383 -999 -999 -999 -999 -999 -999 -999 -999 -999 -999 -999 -999 -999 -999
-999 -999 -999 -999 -999 -999 -999 83.559 153.69 102.02 10.893 16.543 7.4568 6.9438 4.4646 -999 -999 -999 -999 -999 -999 -999 -999 -999 -999 -999 -999 -999 -999 -999 -999
