PC_RASTER_CASE_STUDY/rain_grids/rn_12705.asc
ncols         31
nrows         25
xllcorner     73.125000
yllcorner     13.125000
cellsize      0.25
NODATA_value  -9999
-999 0 0 0 0 0 0 0 -999 -999 -999 -999 -999 -999 -999 -999 -999 -999 -999 -999 -999 -999 -999 -999 -999 -999 -999 -999 -999 -999 -999
-999 0.26425 1.1212 6.1236 8.1782 8.2 5.4666 1.8499 0 -999 -999 -999 -999 -999 -999 -999 -999 -999 -999 -999 -999 -999 -999 -999 -999 -999 -999 -999 -999 -999 -999
-999 2.8285 5.8795 7.8954 8.2 8.2 8.1999 1.9 1.8999 1.6613 -999 -999 -999 -999 -999 -999 -999 -999 -999 -999 -999 -999 -999 -999 -999 -999 -999 -999 -999 -999 -999
2.3835 5.6408 7.241 8.0547 8.1995 8.2 3.3394 1.9 1.9 1.8977 1.8488 1.633 -999 -999 -999 -999 -999 -999 -999 -999 -999 -999 -999 -999 -999 -999 -999 -999 -999 -999 -999
-999 7.1744 7.6911 8.0185 8.1818 8.2022 3.0343 1.9 1.9 1.9 1.8992 1.8886 -999 -999 -999 -999 -999 -999 -999 -999 -999 -999 -999 -999 -999 -999 -999 -999 -999 -999 -999
-999 8.1036 8.0032 7.9654 8.266 8.6026 4.3706 2.0314 1.9013 1.9 1.9 1.9 1.8969 1.8705 2.3917 -999 -999 -999 -999 -999 -999 -999 -999 -999 21.157 12.041 6.8761 0.60204 0 -999 -999
-999 8.2595 8.1477 7.8957 8.2111 9.5712 7.9824 2.584 1.9425 1.9004 1.9 1.9 1.8993 1.838 0.94423 1.3071 0.35899 1.1006 0.57319 -999 -999 9.5499 13.132 14.217 16.158 13.337 14.645 3.4717 1.3294 -999 -999
-999 -999 9.6098 8.7412 8.1257 9.2093 9.4472 4.1576 2.1337 1.9082 1.9 1.9 1.8966 1.7452 0.72554 1.3572 1.4751 1.4796 1.5118 3.6337 6.6125 7.0809 8.5378 11.968 13.567 10.605 10.14 11.366 4.358 1.8369 -999
-999 -999 12.985 7.83 7.3087 8.9793 9.2875 9.2465 2.8799 1.9836 1.9016 1.9 1.8887 1.6201 1.1419 1.3924 1.2 1.0987 2.1257 2.5055 5.9956 6.8263 10.564 12.057 8.762 2.2328 11.106 16.24 5.4055 1.0457 7.5696
-999 -999 11.34 5.9303 7.7201 11.368 9.1652 10.328 7.4743 2.3499 1.917 1.9 1.8624 1.048 1.1332 1.4256 1.2628 0.97943 5.857 0.33493 2.6748 4.8854 16.8 17.038 12.671 1.4798 2.3859 9.7608 10.439 4.5926 9.5059
-999 -999 5.6016 1.5017 3.3845 11.979 9.0807 9.5642 10.344 3.8359 1.9841 1.8997 1.7341 0.4 0.75861 1.6526 1.1989 2.9463 3.0464 3.2733 3.8354 4.6078 13.592 14.482 2.5818 0.15633 0.82569 2.8813 7.7632 1.4706 1.6614
-999 -999 4.1957 2.5654 4.7011 7.5477 8.6683 9.4737 11.104 9.5947 2.2282 1.7418 0.27055 0.36842 0.4205 0.71034 1.5155 2.5521 3.3867 5.0311 5.776 4.693 5.9923 4.6704 1.0432 1.1074 11.466 8.7537 4.9289 3.558 5.7285
-999 -999 5.0853 8.8716 8.5547 9.5549 9.145 10.142 11.51 12.473 2.3545 0 0.18825 0.34265 0.46597 0.55711 0.67183 1.719 2.6137 3.8229 4.8629 4.8269 6.3706 5.7476 2.7718 9.1144 19.585 17.669 6.1824 6.5489 10.097
-999 -999 -999 31.359 25.336 22.702 20.771 16.961 13.716 12.5 0 0 0.28902 0.53836 0.54389 0.29396 0.7276 1.7325 0.96446 0.48376 1.6938 6.2998 6.7274 6.7863 6.4876 -999 -999 -999 -999 -999 18.534
-999 -999 -999 32.562 31.367 32.131 32.809 34.042 33.541 19.64 0 0 0.58247 0.85311 0.88025 0.23864 1.8236 2.1755 1.5898 1.159 7.9103 8.8575 6.659 -999 -999 -999 -999 -999 -999 -999 17.255
-999 -999 -999 -999 -999 31.938 32.492 33.288 34.625 32.52 0 0 0.83121 1.1353 1.8965 1.4222 2.1251 2.6068 2.3859 5.0295 -999 -999 -999 -999 -999 -999 -999 -999 -999 -999 -999
-999 -999 -999 -999 -999 -999 -999 -999 33.707 32.4 0 0.4648 0.95559 1.5079 1.9308 3.9931 6.1584 2.7147 2.2494 6.9276 -999 -999 -999 -999 -999 -999 -999 -999 -999 -999 -999
-999 -999 -999 -999 -999 -999 -999 32.912 33.07 27.391 0 0.24195 0.64111 1.2526 1.3769 2.2419 5.5059 2.3211 -999 -999 -999 -999 -999 -999 -999 -999 -999 -999 -999 -999 -999
-999 -999 -999 -999 -999 -999 32.719 33.148 32.561 0 0 0 0.41141 0.65028 0.36872 0 2.8623 -999 -999 -999 -999 -999 -999 -999 -999 -999 -999 -999 -999 -999 -999
-999 -999 -999 -999 -999 -999 31.926 33.01 32.4 0 0 0.14219 0.38387 0.54383 0.4654 0.61028 2.1854 -999 -999 -999 -999 -999 -999 -999 -999 -999 -999 -999 -999 -999 -999
-999 -999 -999 -999 -999 -999 33.158 32.524 31.911 12.236 0 0.70436 1.1543 1.7663 2.1937 3.1831 10.431 -999 -999 -999 -999 -999 -999 -999 -999 -999 -999 -999 -999 -999 -999
-999 -999 -999 -999 -999 -999 -999 32.131 30.808 16.964 2.1082 2.7543 3.0393 3.5208 7.2722 5.8692 7.9215 -999 -999 -999 -999 -999 -999 -999 -999 -999 -999 -999 -999 -999 -999
-999 -999 -999 -999 -999 -999 -999 -999 29.485 17.976 5 4.6724 4.9512 6.4162 7.5375 6.6894 8.5123 -999 -999 -999 -999 -999 -999 -999 -999 -999 -999 -999 -999 -999 -999
-999 -999 -999 -999 -999 -999 -999 29.554 27.627 19.442 5 5 5.217 6.2851 7.057 8.4827 9.8881 -999 -999 -999 -999 -999 -999 -999 -999 -999 -999 -999 -999 -999 -999
-999 -999 -999 -999 -999 -999 -999 25.7 25.7 25.7 13.625 5 5.0066 5.5568 6.6511 -999 -999 -999 -999 -999 -999 -999 -999 -999 -999 -999 -999 -999 -999 -999 -999
