PC_RASTER_CASE_STUDY/rain_grids/rn_1390.asc
ncols         31
nrows         25
xllcorner     73.125000
yllcorner     13.125000
cellsize      0.25
NODATA_value  -9999
-999 0.2691 0.95436 0.76394 5.0994 7.6308 3.4026 2.9701 -999 -999 -999 -999 -999 -999 -999 -999 -999 -999 -999 -999 -999 -999 -999 -999 -999 -999 -999 -999 -999 -999 -999
-999 6.3684 0 0.43966 5.1791 3.6597 1.6375 2.8544 1.7184 -999 -999 -999 -999 -999 -999 -999 -999 -999 -999 -999 -999 -999 -999 -999 -999 -999 -999 -999 -999 -999 -999
-999 18.651 4.5831 2.7324 1.8082 2.8772 0.60076 1.0733 0.22618 0 -999 -999 -999 -999 -999 -999 -999 -999 -999 -999 -999 -999 -999 -999 -999 -999 -999 -999 -999 -999 -999
5.7413 3.0307 16.245 3.4782 8.8085 12.566 1.7071 4.5864 13.78 7.8289 1.7168 11.027 -999 -999 -999 -999 -999 -999 -999 -999 -999 -999 -999 -999 -999 -999 -999 -999 -999 -999 -999
-999 0.67983 5.5854 0.73862 4.7545 8.4842 18.882 21.1 31.177 33.588 46.454 54.575 -999 -999 -999 -999 -999 -999 -999 -999 -999 -999 -999 -999 -999 -999 -999 -999 -999 -999 -999
-999 4.0057 4.451 6.7065 9.5966 7.6847 15.946 23.461 15.414 15.797 44.007 42.122 39.75 12.647 3.9399 -999 -999 -999 -999 -999 -999 -999 -999 -999 1.7463 2.6189 3.8076 9.4092 7.6103 -999 -999
-999 13.49 12.657 28.309 11.446 9.224 10.295 20.908 20.349 20.741 11.32 11.351 5.9891 5.0028 3.4195 1.7807 4.6667 4.2724 9.7193 -999 -999 0.22102 0.78947 0 0.62235 1.1483 0.82861 0.49771 0.92119 -999 -999
-999 -999 22.214 19.748 6.5505 9.5091 18.499 31.024 22.058 18.296 5.8071 1.9547 6.594 4.6323 4.711 2.4152 0.23778 3.2506 10.276 9.9543 1.5761 1.6968 2.5517 1.07 0 8.6557 2.7442 1.9995 1.3012 3.9452 -999
-999 -999 23.267 13.606 5.267 3.8732 17.109 26.349 23.689 13.229 2.2333 17.327 5.3626 7.8325 11.811 6.7361 1.9563 2.2072 7.4236 2.5028 1.1766 3.3339 2.8137 1.0315 4.9078 15.917 22.608 11.333 17.955 20.605 29.938
-999 -999 9.5066 4.3694 19.863 24.831 24.098 18.729 18.339 13.531 5.3769 11.667 24.837 30.579 20.63 31.098 32.835 2.5877 0.41537 1.1451 11.735 13.271 2.7915 4.9729 9.6862 16.464 25.321 16.669 21.937 19.727 12.975
-999 -999 15.437 1.0237 8.026 11.489 17.22 9.4911 13.969 16.867 14.032 12.725 26.037 29.565 11.353 113.66 72.425 19.143 3.1938 3.922 13.145 8.3956 4.3044 4.2804 10.584 16.281 30.838 54.55 29.293 8.7958 14.491
-999 -999 48.088 0.81074 0.4048 1.9027 3.9089 4.9118 14.813 13.978 12.11 7.6722 6.442 5.3715 3.9467 13.165 19.308 16.968 4.8216 13.473 3.6343 2.5844 3.4948 3.5534 3.2489 7.7573 29.12 25.579 48.367 24.667 29.926
-999 -999 18.357 6.5693 8.1317 14.183 15.178 3.2377 5.5327 2.5702 15.097 0.90272 0.33029 30.223 3.8134 21.985 49.777 15.047 14.255 9.2492 2.0526 1.8779 3.6067 2.4584 3.1436 13.237 10.995 15.148 29.558 16.294 35.758
-999 -999 -999 33.673 271.29 83.593 20.424 10.917 13.023 3.1378 11.338 24.565 5.5594 14.927 18.761 44.358 10.925 24.96 8.8502 0.56088 0 0 5.3796 3.011 3.2668 -999 -999 -999 -999 -999 104.79
-999 -999 -999 8.8231 26.129 9.157 4.4683 0.4343 7.2878 14.451 28.205 12.097 10.711 12.755 18.457 21.953 12.131 14.148 18.897 0.85667 0 0 9.4768 -999 -999 -999 -999 -999 -999 -999 83.16
-999 -999 -999 -999 -999 24.555 6.6124 9.1752 7.84 14.717 33.889 31.09 15.01 13.938 23.143 9.6712 13.394 11.73 5.5248 1.3694 -999 -999 -999 -999 -999 -999 -999 -999 -999 -999 -999
-999 -999 -999 -999 -999 -999 -999 -999 30.11 36.332 28.329 36.803 57.252 17.878 5.7776 12.414 13.602 3.7126 3.4325 4.5517 -999 -999 -999 -999 -999 -999 -999 -999 -999 -999 -999
-999 -999 -999 -999 -999 -999 -999 21.634 31.005 23.377 1.5822 10.948 32.105 33.693 33.855 13.331 7.9161 6.8303 -999 -999 -999 -999 -999 -999 -999 -999 -999 -999 -999 -999 -999
-999 -999 -999 -999 -999 -999 21.302 13.375 33.196 17.955 11.984 6.0489 26.537 48.028 37.981 19.495 8.2347 -999 -999 -999 -999 -999 -999 -999 -999 -999 -999 -999 -999 -999 -999
-999 -999 -999 -999 -999 -999 2.7637 39.333 11.652 45.278 45.202 0.2197 8.1198 22.152 18.556 17.421 25.784 -999 -999 -999 -999 -999 -999 -999 -999 -999 -999 -999 -999 -999 -999
-999 -999 -999 -999 -999 -999 1.9622 27.009 55.658 29.967 28.636 15.326 21.584 33.863 11.679 21.238 1.0881 -999 -999 -999 -999 -999 -999 -999 -999 -999 -999 -999 -999 -999 -999
-999 -999 -999 -999 -999 -999 -999 11.489 0.28936 19.8 2.4345 37.739 13.45 10.234 22.578 10.925 1.4184 -999 -999 -999 -999 -999 -999 -999 -999 -999 -999 -999 -999 -999 -999
-999 -999 -999 -999 -999 -999 -999 -999 3.9203 4.5218 10.702 15.666 5.9217 10.289 73.7 25.546 10.406 -999 -999 -999 -999 -999 -999 -999 -999 -999 -999 -999 -999 -999 -999
-999 -999 -999 -999 -999 -999 -999 31.574 4.6834 17.397 39.114 42.562 12.026 16.034 42.427 0 22.447 -999 -999 -999 -999 -999 -999 -999 -999 -999 -999 -999 -999 -999 -999
-999 -999 -999 -999 -999 -999 -999 12.339 4.0829 11.652 0.80996 34.564 9.0216 23.015 1.1415 -999 -999 -999 -999 -999 -999 -999 -999 -999 -999 -999 -999 -999 -999 -999 -999
