PC_RASTER_CASE_STUDY/rain_grids/rn_1028.asc
ncols         31
nrows         25
xllcorner     73.125000
yllcorner     13.125000
cellsize      0.25
NODATA_value  -9999
-999 4.045 9.2398 6.8754 2.8327 6.0194 16.394 0 -999 -999 -999 -999 -999 -999 -999 -999 -999 -999 -999 -999 -999 -999 -999 -999 -999 -999 -999 -999 -999 -999 -999
-999 15.481 18.225 20.481 9.1395 17.671 27.928 4.8064 12.882 -999 -999 -999 -999 -999 -999 -999 -999 -999 -999 -999 -999 -999 -999 -999 -999 -999 -999 -999 -999 -999 -999
-999 21.43 28.148 29.872 31.181 26.567 6.625 13.991 12.063 14.84 -999 -999 -999 -999 -999 -999 -999 -999 -999 -999 -999 -999 -999 -999 -999 -999 -999 -999 -999 -999 -999
81.093 55.433 14.211 13.192 38.384 37.456 6.7332 6.8559 14.552 14.307 3.8638 1.9117 -999 -999 -999 -999 -999 -999 -999 -999 -999 -999 -999 -999 -999 -999 -999 -999 -999 -999 -999
-999 15.122 7.0731 11.413 28.652 27.907 39.977 29.574 26.721 13.483 7.3293 6.2992 -999 -999 -999 -999 -999 -999 -999 -999 -999 -999 -999 -999 -999 -999 -999 -999 -999 -999 -999
-999 32.14 22.566 15.699 26.812 23.845 33.358 40.786 49.624 37.284 9.5876 13.112 29.079 68.155 52.204 -999 -999 -999 -999 -999 -999 -999 -999 -999 33.911 15.465 0.10859 23.272 42.252 -999 -999
-999 24.168 29.205 30.706 16.445 18.709 23.793 19.717 23.362 6.3375 18.2 12.095 66.876 86.342 52.005 38.449 34.142 41.607 19.875 -999 -999 11.924 9.1484 3.7296 11.037 18.616 0 3.0292 0 -999 -999
-999 -999 12.067 18.103 5.8362 25.738 24.042 3.9653 8.4223 10.597 17.103 6.8439 91.574 74.459 37.828 41.768 60.501 45.776 11.271 12.29 11.776 14.801 10.314 10.72 13.715 2.7077 0.44089 1.6342 0 0 -999
-999 -999 0.40785 0.73908 2.2625 0.77275 2.1928 10.855 11.413 10.562 16.044 6.794 5.9546 20.43 35.742 56.005 71.878 29.003 11.742 4.4986 3.5423 0.59816 10.366 10.291 13.925 0 0.48813 7.5531 1.8768 0 0.29571
-999 -999 5.1973 6.0189 11.845 0.18342 3.7927 19.019 16.56 11.221 16.65 20.851 9.3003 11.142 53.979 67.694 57.303 15.043 17.809 1.2946 0.90843 5.7665 12.839 12.633 6.2326 0 0 0 1.7399 2.7319 0.79484
-999 -999 5.539 4.4156 13.999 0.42451 2.8877 16.143 10.359 5.1444 28.957 30.512 47.605 54.911 58.039 32.243 17.813 1.5658 6.2973 6.6082 12.793 12.978 12.788 8.9185 0.39493 0 4.0554 0.22956 1.1988 0.1259 8.0958
-999 -999 0 2.2017 16.872 0.62951 4.0028 13.44 1.5314 14.813 45.641 12.974 46.101 52.705 101.63 30.208 5.5131 7.4162 11.333 14.731 17.803 17.212 8.4058 5.8882 3.7138 0.39667 13.322 8.0659 8.1182 13.136 20.227
-999 -999 0 0.7602 3.9176 11.676 0.98238 2.1244 0.59533 30.247 15.458 10.969 18.91 52.701 69.373 21.77 0.56125 15.127 15.916 10.378 5.6679 9.101 3.1121 3.91 5.657 0.35611 3.9372 2.397 5.3188 26.078 20.942
-999 -999 -999 0.68888 0.69354 0.65836 0 0 0 11.479 13.037 18.537 27.744 47.216 36.86 16.519 7.1619 12.177 9.271 4.0579 0.25983 3.9923 2.9992 5.7623 9.1517 -999 -999 -999 -999 -999 37.31
-999 -999 -999 1.835 12.891 5.955 0.34157 0 0 18.06 38.219 3.3027 8.756 41.149 24.81 19.176 6.2368 6.4814 19.351 7.67 1.3766 6.5257 5.2285 -999 -999 -999 -999 -999 -999 -999 27.327
-999 -999 -999 -999 -999 10.873 0.34041 0.99405 0.17512 2.6058 25.662 13.544 19.78 16.253 16.48 34.644 15.288 16.814 38.037 3.5789 -999 -999 -999 -999 -999 -999 -999 -999 -999 -999 -999
-999 -999 -999 -999 -999 -999 -999 -999 7.4635 4.3414 1.6318 18.661 56.34 32.704 77.475 26.856 27.062 70.945 50.997 7.3005 -999 -999 -999 -999 -999 -999 -999 -999 -999 -999 -999
-999 -999 -999 -999 -999 -999 -999 7.4041 3.0204 2.2058 0 22.709 43.123 23.258 53.703 17.003 13.505 54.726 -999 -999 -999 -999 -999 -999 -999 -999 -999 -999 -999 -999 -999
-999 -999 -999 -999 -999 -999 0.21585 0 2.0771 12.121 3.7826 12.907 42.847 13.865 18.312 33.371 18.913 -999 -999 -999 -999 -999 -999 -999 -999 -999 -999 -999 -999 -999 -999
-999 -999 -999 -999 -999 -999 1.2807 0.99412 2.2356 13.932 15.544 8.3319 12.878 13.873 35.22 32.613 31.274 -999 -999 -999 -999 -999 -999 -999 -999 -999 -999 -999 -999 -999 -999
-999 -999 -999 -999 -999 -999 2.6669 9.0381 0.58332 5.0583 15.107 13.294 11.785 0.2272 9.4894 1.4984 15.766 -999 -999 -999 -999 -999 -999 -999 -999 -999 -999 -999 -999 -999 -999
-999 -999 -999 -999 -999 -999 -999 4.8146 0 5.4128 4.6284 1.7627 0.76726 0 10.654 22.916 11.411 -999 -999 -999 -999 -999 -999 -999 -999 -999 -999 -999 -999 -999 -999
-999 -999 -999 -999 -999 -999 -999 -999 16.337 2.6192 9.6018 9.3358 0 0 0 24.137 0.31718 -999 -999 -999 -999 -999 -999 -999 -999 -999 -999 -999 -999 -999 -999
-999 -999 -999 -999 -999 -999 -999 6.49 2.7855 0.33609 2.4124 3.1509 0 7.8962 1.0532 2.5 5.0548 -999 -999 -999 -999 -999 -999 -999 -999 -999 -999 -999 -999 -999 -999
-999 -999 -999 -999 -999 -999 -999 4.5704 0 0.74397 0.30532 0 0 7.6276 5.0645 -999 -999 -999 -999 -999 -999 -999 -999 -999 -999 -999 -999 -999 -999 -999 -999
