PC_RASTER_CASE_STUDY/rain_grids/rn_10138.asc
ncols         31
nrows         25
xllcorner     73.125000
yllcorner     13.125000
cellsize      0.25
NODATA_value  -9999
-999 7.7773 1.6839 6.0356 23.2 15.622 10.051 52.123 -999 -999 -999 -999 -999 -999 -999 -999 -999 -999 -999 -999 -999 -999 -999 -999 -999 -999 -999 -999 -999 -999 -999
-999 6.5046 8.1055 13.139 33.938 28.497 9.5713 32.75 29.994 -999 -999 -999 -999 -999 -999 -999 -999 -999 -999 -999 -999 -999 -999 -999 -999 -999 -999 -999 -999 -999 -999
-999 6.2308 3.4995 21.042 35.988 13.248 7.0603 14.597 34.662 25.785 -999 -999 -999 -999 -999 -999 -999 -999 -999 -999 -999 -999 -999 -999 -999 -999 -999 -999 -999 -999 -999
66.715 4.0479 2.0797 12.274 13.835 1.0398 10.382 33.669 30.079 56.58 53.164 49.429 -999 -999 -999 -999 -999 -999 -999 -999 -999 -999 -999 -999 -999 -999 -999 -999 -999 -999 -999
-999 6.2478 0.1107 0.72571 4.1735 7.7393 26.386 37.454 14.692 21.864 47.555 57.824 -999 -999 -999 -999 -999 -999 -999 -999 -999 -999 -999 -999 -999 -999 -999 -999 -999 -999 -999
-999 38.99 3.8003 0.59907 3.5977 7.5683 81.343 61.637 34.821 34.157 42.086 43.077 36.361 17.142 3.7201 -999 -999 -999 -999 -999 -999 -999 -999 -999 2.4001 2.5508 3.6658 4.3806 5.5343 -999 -999
-999 23.724 0.62477 4.4376 10.142 7.9763 94.097 70.066 39.615 29.614 77.207 58.905 37.168 31.606 16.943 34.32 38.768 12.396 5.8157 -999 -999 3.2066 0.34949 2.2938 1.5333 1.7998 6.2762 6.0335 3.514 -999 -999
-999 -999 0 6.5226 7.7064 6.89 28.578 46.821 39.979 31.064 67.691 55.279 72.758 16.069 40 56.119 7.9424 36.335 36.623 20.172 10.441 7.8935 1.6045 16.469 22.389 8.7172 9.1308 9.9094 4.1799 1.9713 -999
-999 -999 2.3345 20.056 29.172 31.853 31.32 44.032 45.477 21.727 31.003 27.952 14.566 10.72 30.186 36.657 18.127 26.423 32.226 13.537 10.456 10.942 27.787 34.931 18.793 3.6839 9.5001 12.867 5.4127 4.5611 1.5421
-999 -999 4.9174 15.806 30.585 44.126 21.866 24.943 40.97 33.641 20.957 32.654 37.173 3.8478 7.9031 34.169 4.7505 6.5256 18.009 3.3183 5.8761 11.906 33.953 39.943 18.547 3.9618 5.8741 4.6371 1.964 1.8456 0.23855
-999 -999 12.324 1.7871 15.652 10.59 11.087 20.96 29.8 57.495 33.738 40.799 24.6 10.899 13.66 15.025 22.531 9.9563 1.5844 1.4758 1.6036 1.3587 26.451 26.989 13.698 7.3808 3.9404 4.4673 2.6294 3.1069 2.6866
-999 -999 47.92 12.749 0.27119 14.551 4.1061 37.282 10.392 26.13 21.56 60.041 42.025 42.233 10.574 9.8524 17.074 15.346 2.9734 1.1347 0.35722 1.5637 3.1975 14.115 20.353 18.396 15.882 7.1746 6.5081 6.1128 9.0429
-999 -999 7.3339 30.318 0 51.772 0.70677 14.196 37.755 7.7811 20.791 18.943 17.967 7.636 26.213 0.58356 5.7584 20.396 10.59 0.74714 1.2015 1.6418 3.8683 9.2348 17.399 19 17.214 13.971 1.1935 6.8024 1.0926
-999 -999 -999 0.57146 4.3009 2.2429 0 0 2.7724 25.242 6.6828 1.7029 6.188 7.8917 1.5684 0 4.0311 1.8609 0.82083 0.33608 0.23866 4.4066 6.7907 6.8565 11.704 -999 -999 -999 -999 -999 9.51
-999 -999 -999 15.836 6.2571 0 0 12.038 0.28331 4.8235 13.199 5.8517 14.98 30.314 38.447 16.427 2.9014 2.7038 2.0458 1.1452 17.306 17.456 14.699 -999 -999 -999 -999 -999 -999 -999 7.7898
-999 -999 -999 -999 -999 6.8555 7.3232 4.5 0 0 10.758 2.162 10.087 17.27 9.6962 2.9585 4.6689 4.7068 7.0252 15.401 -999 -999 -999 -999 -999 -999 -999 -999 -999 -999 -999
-999 -999 -999 -999 -999 -999 -999 -999 0.52902 0 0 0 0 12.874 0 2.0166 17.385 9.9461 7.6961 16.682 -999 -999 -999 -999 -999 -999 -999 -999 -999 -999 -999
-999 -999 -999 -999 -999 -999 -999 1.5197 2.376 0 2.2604 0.44 5.7656 12.752 0.53607 1.7644 12.893 7.59 -999 -999 -999 -999 -999 -999 -999 -999 -999 -999 -999 -999 -999
-999 -999 -999 -999 -999 -999 2.3465 0 0.21174 0 6.8277 0 0 0.12238 0.82534 22.195 35.849 -999 -999 -999 -999 -999 -999 -999 -999 -999 -999 -999 -999 -999 -999
-999 -999 -999 -999 -999 -999 0.70333 0 0.49068 0.1755 0.19738 0.51397 0 0 10.371 31.373 87.023 -999 -999 -999 -999 -999 -999 -999 -999 -999 -999 -999 -999 -999 -999
-999 -999 -999 -999 -999 -999 61.163 46.659 6.9824 11.116 11.632 6.339 0 7.9188 1.6106 4.1506 13.894 -999 -999 -999 -999 -999 -999 -999 -999 -999 -999 -999 -999 -999 -999
-999 -999 -999 -999 -999 -999 -999 43.927 30.419 7.0455 5.5361 1.6532 14.1 7.8595 8.0218 31.702 29.442 -999 -999 -999 -999 -999 -999 -999 -999 -999 -999 -999 -999 -999 -999
-999 -999 -999 -999 -999 -999 -999 -999 27.06 21.767 9.1252 9.6519 11.746 3.4224 0 5.3681 7.8908 -999 -999 -999 -999 -999 -999 -999 -999 -999 -999 -999 -999 -999 -999
-999 -999 -999 -999 -999 -999 -999 52.118 44.991 37.99 9.8731 29.542 4.3407 1.3151 1.7319 4 0 -999 -999 -999 -999 -999 -999 -999 -999 -999 -999 -999 -999 -999 -999
-999 -999 -999 -999 -999 -999 -999 39.976 72.959 44.488 3.4366 6.0785 5.4962 5.1 6.7868 -999 -999 -999 -999 -999 -999 -999 -999 -999 -999 -999 -999 -999 -999 -999 -999
