PC_RASTER_CASE_STUDY/rain_grids/rn_11542.asc
ncols         31
nrows         25
xllcorner     73.125000
yllcorner     13.125000
cellsize      0.25
NODATA_value  -9999
-999 119.98 51.46 30.621 8.1466 2.4435 0.14202 1.1144 -999 -999 -999 -999 -999 -999 -999 -999 -999 -999 -999 -999 -999 -999 -999 -999 -999 -999 -999 -999 -999 -999 -999
-999 141.28 34.893 25.374 11.027 7.0128 0 1.5053 3.5789 -999 -999 -999 -999 -999 -999 -999 -999 -999 -999 -999 -999 -999 -999 -999 -999 -999 -999 -999 -999 -999 -999
-999 66.574 26.928 12.652 5.6048 2.1619 2.2261 5.3533 5.0319 3.3335 -999 -999 -999 -999 -999 -999 -999 -999 -999 -999 -999 -999 -999 -999 -999 -999 -999 -999 -999 -999 -999
79.533 79.979 15.477 6.6467 2.0894 1.8808 2.6891 2.5739 2.1194 1.5 3.6229 4.2567 -999 -999 -999 -999 -999 -999 -999 -999 -999 -999 -999 -999 -999 -999 -999 -999 -999 -999 -999
-999 87.858 18.939 5.5109 0.65092 0.28688 0.74867 0.55455 0.2725 0.21182 1.2932 3.5626 -999 -999 -999 -999 -999 -999 -999 -999 -999 -999 -999 -999 -999 -999 -999 -999 -999 -999 -999
-999 233.75 27.368 8.0118 0.109 0 0.51908 0.49593 1.727 1.3445 5.0838 7.2412 5.5694 3.2884 4.0908 -999 -999 -999 -999 -999 -999 -999 -999 -999 0.33337 2.3267 7.287 6.4921 5.5526 -999 -999
-999 182.33 88.715 22.021 2.0773 0 0.7446 1.1046 1.7833 0.3441 3.279 5.8317 3.1328 3.6044 7.4295 7.1143 17.075 18.522 14.734 -999 -999 6.0179 1.7166 2.1277 1.2747 3.0166 7.0801 10.738 12.236 -999 -999
-999 -999 53.465 30.702 0.77625 0 0.76316 0.38805 1.245 0.71786 2.1021 1.1456 3.5136 1.344 5.5579 7.495 10.428 2.8739 9.8676 11.079 3.6368 4.8262 7.7538 6.1875 13.758 16.793 13.691 10.651 12.668 19.632 -999
-999 -999 52.468 12.032 3.9366 0.9874 1 0.61725 0.37044 0.21631 0 0.46981 0.7746 6.5682 3.8383 11.607 14.117 18.977 14.031 16.08 6.841 3.7947 9.6115 11.102 26.787 27.74 19.611 8.2552 11.008 12.342 19.337
-999 -999 66.456 26.397 9.4918 1.1942 2.3405 2.7211 0.49345 4.4727 0 1.2913 0.4228 7.2942 9.2492 25.262 30.492 28.775 21.576 18.631 14.499 17.63 22.078 24.287 25.866 24.103 16.153 12.968 8.8827 13.651 20.669
-999 -999 85.075 53.584 17.586 6.032 5.871 8.4373 1.2527 0.37399 1.3825 1.4949 1.6809 3.432 0.10402 0 10.071 34.959 48.751 46.758 14.189 19.703 26.752 24.55 21.443 21.78 16.548 22.527 12.636 11.518 11.161
-999 -999 112.3 65.976 20.702 13.165 5.465 5.0037 4.3571 0.22454 5.2488 7.2059 2.4218 6.7115 8.0157 5.8718 2.8207 17.708 46.307 19.328 11.552 16.749 25.819 17.914 10.289 14.086 13.51 15.562 6.1124 11.768 13.207
-999 -999 71.771 50.877 19.846 7.2405 4.6842 9.0083 30.431 4.243 1.2236 6.7801 4.0527 10.838 3.3193 10.898 23.529 18.942 17.492 9.0733 7.8862 14.34 27.017 23.059 13.798 11.392 11.719 11.375 6.2 5.6845 12.23
-999 -999 -999 20.067 37.056 8.5004 11.125 3.2 5.4996 1.9432 11.779 3.2516 6.0578 4.5428 5.7208 8 19.218 19.718 26.803 19.987 8.2998 16.89 25.483 23.776 15.522 -999 -999 -999 -999 -999 0.85692
-999 -999 -999 113.37 56.639 10.141 7.6698 3.5942 4.7848 1.4743 1.4376 3.1475 0 3.2312 1.5575 14.651 15.156 19.283 25.054 27.343 12.423 8.9096 18.501 -999 -999 -999 -999 -999 -999 -999 3.2917
-999 -999 -999 -999 -999 45.45 16.098 2 6.4025 2.494 0.85295 1.274 2.4147 1.2397 6.6778 9.4856 11.468 16.361 15.925 9.2967 -999 -999 -999 -999 -999 -999 -999 -999 -999 -999 -999
-999 -999 -999 -999 -999 -999 -999 -999 1.5637 0.93796 0.14565 0.24791 0.56061 0.17668 1.3128 4.1576 5.4702 5.885 10.888 7.8091 -999 -999 -999 -999 -999 -999 -999 -999 -999 -999 -999
-999 -999 -999 -999 -999 -999 -999 10.373 3.8343 4.0121 0 0 12.816 16.281 8.1046 1.022 3.649 2.2337 -999 -999 -999 -999 -999 -999 -999 -999 -999 -999 -999 -999 -999
-999 -999 -999 -999 -999 -999 16.579 5.5188 1.7132 2.4025 5.608 0.54133 0.12015 0.41453 0.43425 0.22164 1.1042 -999 -999 -999 -999 -999 -999 -999 -999 -999 -999 -999 -999 -999 -999
-999 -999 -999 -999 -999 -999 60.649 9.2891 4.5314 8.2169 0.86491 0.56122 7.0829 1.5357 1.9966 6.5916 3.0521 -999 -999 -999 -999 -999 -999 -999 -999 -999 -999 -999 -999 -999 -999
-999 -999 -999 -999 -999 -999 58.269 24.783 11.773 4.9848 8.4581 6.0052 5.1253 0.15882 7.8553 17.542 4.7954 -999 -999 -999 -999 -999 -999 -999 -999 -999 -999 -999 -999 -999 -999
-999 -999 -999 -999 -999 -999 -999 33.086 11.155 6.4668 7.5061 12.715 7.2616 5.1445 0.68754 1.4547 3.0628 -999 -999 -999 -999 -999 -999 -999 -999 -999 -999 -999 -999 -999 -999
-999 -999 -999 -999 -999 -999 -999 -999 17.495 6.3762 6.4109 7.2062 5.6611 4.4726 1.4 10.311 19.836 -999 -999 -999 -999 -999 -999 -999 -999 -999 -999 -999 -999 -999 -999
-999 -999 -999 -999 -999 -999 -999 7.0846 24.192 12.958 11.773 0 0 3.1995 1.3395 8.2 5.2181 -999 -999 -999 -999 -999 -999 -999 -999 -999 -999 -999 -999 -999 -999
-999 -999 -999 -999 -999 -999 -999 11.123 31.108 56.559 1.1442 1.0102 0 2.8474 0 -999 -999 -999 -999 -999 -999 -999 -999 -999 -999 -999 -999 -999 -999 -999 -999
