PC_RASTER_CASE_STUDY/rain_grids/rn_12682.asc
ncols         31
nrows         25
xllcorner     73.125000
yllcorner     13.125000
cellsize      0.25
NODATA_value  -9999
-999 19.023 30.511 38.384 38.339 38.2 36.047 0.6 -999 -999 -999 -999 -999 -999 -999 -999 -999 -999 -999 -999 -999 -999 -999 -999 -999 -999 -999 -999 -999 -999 -999
-999 22.219 44.808 85.521 105.52 105.7 104.79 28.296 0.69594 -999 -999 -999 -999 -999 -999 -999 -999 -999 -999 -999 -999 -999 -999 -999 -999 -999 -999 -999 -999 -999 -999
-999 46.325 83.476 97.761 98.955 96.63 103.88 7.1 7.0997 6.2708 -999 -999 -999 -999 -999 -999 -999 -999 -999 -999 -999 -999 -999 -999 -999 -999 -999 -999 -999 -999 -999
56.532 84.937 88.357 84.446 76.15 64.352 15.179 7.0997 7.1 7.0921 6.9222 6.1724 -999 -999 -999 -999 -999 -999 -999 -999 -999 -999 -999 -999 -999 -999 -999 -999 -999 -999 -999
-999 83.44 81.708 70.97 57.616 53.716 11.822 7.0579 7.1 7.1 7.0974 7.0605 -999 -999 -999 -999 -999 -999 -999 -999 -999 -999 -999 -999 -999 -999 -999 -999 -999 -999 -999
-999 102.07 87.424 58.25 44.899 32.058 6.5785 6.9638 7.0997 7.1 7.1 7.0999 7.0896 7.3687 17.082 -999 -999 -999 -999 -999 -999 -999 -999 -999 48.733 21.604 46.192 84.111 83.16 -999 -999
-999 86.937 61.954 23.403 28.996 14.737 5.2994 6.8369 7.0929 7.1 7.1 7.1 7.1066 7.5616 13.92 21.861 23.505 33.714 32.2 -999 -999 19.483 15.828 21.468 31.579 30.414 88.927 138.68 175.74 -999 -999
-999 -999 14.276 3.9316 6.6374 5.716 4.7136 6.5958 7.0647 7.099 7.1 7.1 7.1256 8.1242 14.453 20.665 22.145 27.552 39.372 34.778 24.722 21.794 15.159 20.151 63.074 123.54 182.82 203.49 192.85 194.61 -999
-999 -999 13.482 5.2315 5.1668 5.3657 5.2295 6.1197 6.9687 7.0898 7.0998 7.1001 7.1728 9.1081 17.644 19.469 18.233 17.233 42.513 41.976 26.778 23.385 20.715 24.108 78.712 120.64 198.23 237.02 152.88 91.073 174.95
-999 -999 16.15 6.0961 5.7107 5.7539 5.6677 5.8912 6.4025 7.0448 7.0979 7.1 7.2817 11.32 16.859 18.692 17.727 15.077 34.437 45.332 37.055 31.33 34.76 33.018 64.453 122.93 157.18 198.26 187.7 154.22 182.76
-999 -999 14.382 6.0532 5.8826 5.7893 5.7842 5.8346 6.0301 6.8621 7.0897 7.1001 7.3912 11.381 13.466 16.929 16.89 23.665 26.318 26.566 39.652 49.301 50.826 56.259 97.379 125.11 149.52 173.53 184.95 158.84 161.62
-999 -999 10.113 5.9851 5.9299 6.1166 5.9605 5.8409 5.8241 6.1554 7.0597 7.1745 7.8633 8.3399 8.4445 9.6588 17.803 21.961 26.036 26.219 39.75 60.437 49.771 47.099 69.027 129.51 150.16 158.03 147.01 151.23 141.31
-999 -999 4.8921 7.6915 7.4194 6.8998 6.6217 6.1482 5.8153 5.8032 7.3536 7.9037 8.0391 8.2836 8.8237 9.536 11.737 18.198 25.223 32.505 47.182 57.788 42.544 43.059 55.511 86.24 138.89 133.39 131.53 140.37 150.18
-999 -999 -999 14.879 17.036 15.413 14.269 10.682 7.0679 5.8 7.9754 7.8671 7.9816 8.0744 8.624 8.709 9.6336 18.219 26.817 27.784 35.479 47.621 40.267 35.261 49.815 -999 -999 -999 -999 -999 91.625
-999 -999 -999 19.611 20.058 20.582 20.981 21.73 21.056 13.457 7.8455 7.6979 7.7246 7.7881 7.9264 8.1887 9.7228 19.36 24.601 28.315 38.761 39.242 49.131 -999 -999 -999 -999 -999 -999 -999 111.81
-999 -999 -999 -999 -999 20.39 20.704 21.079 21.63 19.128 5.691 6.3601 6.4879 6.5473 6.8765 6.9324 7.9384 16.254 14.005 29.254 -999 -999 -999 -999 -999 -999 -999 -999 -999 -999 -999
-999 -999 -999 -999 -999 -999 -999 -999 20.708 19 2.9055 2.9901 3.2381 3.1207 4.4968 4.2504 3.3483 5.2557 10.613 28.4 -999 -999 -999 -999 -999 -999 -999 -999 -999 -999 -999
-999 -999 -999 -999 -999 -999 -999 20.623 19.966 16.67 2.3788 2.2394 2.3392 2.1812 2.4368 2.8785 3.0093 3.0035 -999 -999 -999 -999 -999 -999 -999 -999 -999 -999 -999 -999 -999
-999 -999 -999 -999 -999 -999 22.109 21.099 19.29 2.1518 2.0375 1.9792 1.9133 1.8406 1.9736 2.4266 1.9776 -999 -999 -999 -999 -999 -999 -999 -999 -999 -999 -999 -999 -999 -999
-999 -999 -999 -999 -999 -999 21.009 20.303 19 0.26538 1.8015 1.7972 1.6904 1.5904 1.2923 0.88287 0.16188 -999 -999 -999 -999 -999 -999 -999 -999 -999 -999 -999 -999 -999 -999
-999 -999 -999 -999 -999 -999 20.926 19.228 17.452 6.2496 1.2013 1.3362 1.23 0.83075 0.61588 0 0 -999 -999 -999 -999 -999 -999 -999 -999 -999 -999 -999 -999 -999 -999
-999 -999 -999 -999 -999 -999 -999 17.952 14.128 6.0794 0 0.45246 0.55862 0.48136 0 0 0 -999 -999 -999 -999 -999 -999 -999 -999 -999 -999 -999 -999 -999 -999
-999 -999 -999 -999 -999 -999 -999 -999 10.305 4.0143 0 0 0 0 0 0 0 -999 -999 -999 -999 -999 -999 -999 -999 -999 -999 -999 -999 -999 -999
-999 -999 -999 -999 -999 -999 -999 10.428 5.2141 1.738 0 0 0 0 0 0 0 -999 -999 -999 -999 -999 -999 -999 -999 -999 -999 -999 -999 -999 -999
-999 -999 -999 -999 -999 -999 -999 0 0 0 0 0 0 0 0 -999 -999 -999 -999 -999 -999 -999 -999 -999 -999 -999 -999 -999 -999 -999 -999
