PC_RASTER_CASE_STUDY/DEM25.asc
ncols         31
nrows         25
xllcorner     73.125000
yllcorner     13.125000
cellsize      0.25
NODATA_value  -9999
-9999 936.65 844.6 734.25 761.08 698.89 721.38 854.71 -9999 -9999 -9999 -9999 -9999 -9999 -9999 -9999 -9999 -9999 -9999 -9999 -9999 -9999 -9999 -9999 -9999 -9999 -9999 -9999 -9999 -9999 -9999
-9999 803.5 773.77 687.25 653.48 741.96 673.88 689.78 697.87 -9999 -9999 -9999 -9999 -9999 -9999 -9999 -9999 -9999 -9999 -9999 -9999 -9999 -9999 -9999 -9999 -9999 -9999 -9999 -9999 -9999 -9999
-9999 694.57 640.64 626.3 599.86 588.17 634.81 591.18 621.76 649.84 -9999 -9999 -9999 -9999 -9999 -9999 -9999 -9999 -9999 -9999 -9999 -9999 -9999 -9999 -9999 -9999 -9999 -9999 -9999 -9999 -9999
692.88 738.25 660.29 636.95 588.46 541.52 536.12 583.73 546.73 576.47 650.96 705.25 -9999 -9999 -9999 -9999 -9999 -9999 -9999 -9999 -9999 -9999 -9999 -9999 -9999 -9999 -9999 -9999 -9999 -9999 -9999
-9999 803.09 764.09 739.78 645.53 590.19 544.78 530.6 546.61 510.9 535.01 595.32 -9999 -9999 -9999 -9999 -9999 -9999 -9999 -9999 -9999 -9999 -9999 -9999 -9999 -9999 -9999 -9999 -9999 -9999 -9999
-9999 802.37 929.31 773.65 631.5 575.22 534.97 504.85 511.04 500.22 494 549.98 620.25 614.69 617.04 -9999 -9999 -9999 -9999 -9999 -9999 -9999 -9999 -9999 395.45 322.86 278.94 266.51 316.19 -9999 -9999
-9999 808.23 850.41 728.01 786.71 787.16 649.96 538.41 478.94 481.93 476.47 488.14 532.41 577.94 572.91 600.45 620.56 631.93 644.5 -9999 -9999 600.75 557.84 446.14 388.97 311.69 286.83 235.02 283.89 -9999 -9999
-9999 -9999 861.68 744.3 718.43 731.83 694.92 565.06 509.59 468.06 451.03 447.49 470.3 499.59 514.74 472.27 521.98 558.47 601.7 608.52 562.15 550.34 480.04 370.62 297.74 309.85 275.46 207.09 171.36 175.88 -9999
-9999 -9999 817.48 695.86 629.43 660.34 754.75 601.82 575 512.63 479.49 440.63 429.92 432.3 431.58 419.31 425.95 466.29 525 634.78 579.24 556.93 479.8 315.64 268.34 257.91 227.05 145.42 110.81 128.77 135.37
-9999 -9999 777.75 636.52 579.35 558.59 657.45 638.48 668.86 573.01 553.72 481.62 460.43 422.77 421.5 410.55 483.17 553.9 529.59 621.96 600.96 618.8 504.58 278.85 230.4 166.46 162.74 106.97 67.469 79.794 106.57
-9999 -9999 694.12 655.83 573.03 550.27 569.16 561.78 590.4 613.33 595.81 563.87 521.87 466.89 452.83 388.64 423.7 472.72 464.6 517.32 515.9 502.33 368.83 262.8 179.28 109.13 74.462 65.123 35.536 79.343 78.414
-9999 -9999 637.38 664.44 571.4 579.3 578.4 550.36 550.94 535.16 561.84 577.5 532.49 471.26 391.16 370.5 354.22 357.13 349.4 399.06 485.33 443.54 426.13 351.32 210.51 127.33 117.22 79.47 34.418 15.684 10.94
-9999 -9999 641.76 708.53 677.68 674.84 619.7 569.49 560.84 555.86 535.89 515.41 513.52 466.12 477.46 429.16 374.38 374.37 329.65 334.08 390.79 460.86 648.63 448.26 265 258.5 195.45 96.899 63.309 34.75 14.961
-9999 -9999 -9999 775.75 744.09 751.64 716.8 652.75 624.9 598.3 571.42 569.69 556.8 520.69 430.86 377.43 344.39 339.68 319.85 283.94 280.29 354.58 471.07 267 260 -9999 -9999 -9999 -9999 -9999 9.885
-9999 -9999 -9999 832.5 771.91 730.78 678.89 657.95 626.4 576.77 581.44 641.2 614.71 483.31 393.58 362.63 395.11 365.91 336.46 310.67 298.19 274.96 270 -9999 -9999 -9999 -9999 -9999 -9999 -9999 10.254
-9999 -9999 -9999 -9999 -9999 687.45 690.76 667.3 608.4 615.59 622.74 582.68 568.98 455.85 398.61 398.05 441.91 442.74 417.78 396.17 -9999 -9999 -9999 -9999 -9999 -9999 -9999 -9999 -9999 -9999 -9999
-9999 -9999 -9999 -9999 -9999 -9999 -9999 -9999 620.68 651.13 619.06 519.29 493.41 547.5 463.58 417.52 431.49 460.63 501.69 476.36 -9999 -9999 -9999 -9999 -9999 -9999 -9999 -9999 -9999 -9999 -9999
-9999 -9999 -9999 -9999 -9999 -9999 -9999 610.28 609.13 573.23 546.49 555.56 544.34 681.49 609.8 452.79 454.65 476.79 -9999 -9999 -9999 -9999 -9999 -9999 -9999 -9999 -9999 -9999 -9999 -9999 -9999
-9999 -9999 -9999 -9999 -9999 -9999 605.33 588.42 557.96 584.4 555.95 613.12 616.41 644.13 568.38 479.12 471.98 -9999 -9999 -9999 -9999 -9999 -9999 -9999 -9999 -9999 -9999 -9999 -9999 -9999 -9999
-9999 -9999 -9999 -9999 -9999 -9999 595.4 563.1 589.85 609.25 559.42 616.57 677.46 626.81 544.42 530.58 520.95 -9999 -9999 -9999 -9999 -9999 -9999 -9999 -9999 -9999 -9999 -9999 -9999 -9999 -9999
-9999 -9999 -9999 -9999 -9999 -9999 562.5 577.17 624.4 633.23 586.79 620.79 738.45 692.74 577.63 610.51 731.07 -9999 -9999 -9999 -9999 -9999 -9999 -9999 -9999 -9999 -9999 -9999 -9999 -9999 -9999
-9999 -9999 -9999 -9999 -9999 -9999 -9999 637.12 705.83 657.39 636.44 714.57 763.82 709.56 616 644.79 731.86 -9999 -9999 -9999 -9999 -9999 -9999 -9999 -9999 -9999 -9999 -9999 -9999 -9999 -9999
-9999 -9999 -9999 -9999 -9999 -9999 -9999 -9999 658.41 647.94 683.54 798.63 709.1 718.07 665.34 695.18 771.59 -9999 -9999 -9999 -9999 -9999 -9999 -9999 -9999 -9999 -9999 -9999 -9999 -9999 -9999
-9999 -9999 -9999 -9999 -9999 -9999 -9999 663.77 692.09 785.39 1035.1 818.96 771.08 752.8 783.98 786.12 1007 -9999 -9999 -9999 -9999 -9999 -9999 -9999 -9999 -9999 -9999 -9999 -9999 -9999 -9999
-9999 -9999 -9999 -9999 -9999 -9999 -9999 772.28 918.7 881.65 1096 895.11 884.14 832.08 872.97 -9999 -9999 -9999 -9999 -9999 -9999 -9999 -9999 -9999 -9999 -9999 -9999 -9999 -9999 -9999 -9999
