PC_RASTER_CASE_STUDY/rainfall_365/rn_14844.asc
ncols         31
nrows         25
xllcorner     73.125000
yllcorner     13.125000
cellsize      0.25
NODATA_value  -9999
-999 27.449 2.7182 1.0615 4.1614 8.1271 8.0675 31.565 -999 -999 -999 -999 -999 -999 -999 -999 -999 -999 -999 -999 -999 -999 -999 -999 -999 -999 -999 -999 -999 -999 -999
-999 20.933 7.6333 2.5182 3.4443 5.0032 9.1812 18.041 26.025 -999 -999 -999 -999 -999 -999 -999 -999 -999 -999 -999 -999 -999 -999 -999 -999 -999 -999 -999 -999 -999 -999
-999 17.57 16.815 2.514 2.9449 1.2136 4.5953 18.965 24.821 17.586 -999 -999 -999 -999 -999 -999 -999 -999 -999 -999 -999 -999 -999 -999 -999 -999 -999 -999 -999 -999 -999
30.852 20.803 11.032 1.7053 1.2308 0.35045 2.7773 6.5829 12.737 17.853 9.4038 7.443 -999 -999 -999 -999 -999 -999 -999 -999 -999 -999 -999 -999 -999 -999 -999 -999 -999 -999 -999
-999 20.672 5.2291 1.2728 0.96455 7.3763 19.603 7.7455 6.9316 26.527 16.604 10.339 -999 -999 -999 -999 -999 -999 -999 -999 -999 -999 -999 -999 -999 -999 -999 -999 -999 -999 -999
-999 27.593 0.75057 1.5424 1.0405 13.07 48.011 37.953 15.227 19.542 13.114 10.982 23.553 25.296 9.6612 -999 -999 -999 -999 -999 -999 -999 -999 -999 6.4116 8.1211 11.701 6.8328 5.38 -999 -999
-999 46.728 0.10129 0 2.308 3.9995 52.855 29.65 11.126 19.427 15.168 7.6719 10.594 11.287 9.5143 7.3312 12.817 16.981 5.6201 -999 -999 14.508 17.261 26.742 33.803 20.908 21.336 19.125 16.86 -999 -999
-999 -999 11.531 0.10216 3.4148 6.7584 12.144 4.4379 1.7948 7.0772 11.411 2.507 2.8265 1.8203 1.067 5.3332 13.039 14.261 5.8985 13.629 69.608 68.123 55.678 23.402 31.373 30.576 24.297 21.407 19.436 16.761 -999
-999 -999 1.0622 0.53982 4.2559 4.6251 8.2315 12.593 10.634 5.23 6.3334 5.6972 2.7607 1.014 0.21638 2.5117 7.803 7.5698 8.6383 19.289 47.989 12.094 17.787 8.2222 23.116 36.672 39.212 44.031 23.179 13.96 13.489
-999 -999 3.0375 2.6085 7.1457 2.0959 4.1112 22.306 20.956 9.7399 5.4393 5.85 2.2841 0.9888 0.85059 2.234 5.5337 3.0985 10.614 15.54 16.925 10.404 2.8412 3.3003 19.297 35.614 56.119 57.485 38.023 35.796 12.292
-999 -999 12.01 1.5673 0.21376 0.90228 4.6738 23.792 22.548 6.2303 8.293 7.1404 3.6624 0.38864 0 1.1241 2.1243 0.20715 0.63372 1.3365 7.4972 4.6011 0.23412 2.8326 16.54 27.192 58.561 56.071 36.718 51.317 51.953
-999 -999 35.319 1.0128 0.37351 3.2451 8.3435 21.625 20.148 11.698 9.9162 8.4929 3.7558 0 0 0 0.18185 0.48437 0.98379 0.95467 0.85441 1.7605 0.78732 1.8374 1.13 20.716 9.3657 3.9664 14.246 37.643 9.9766
-999 -999 13.124 0.24915 0 1.0901 4.1193 15.272 17.915 14.531 11.217 6.5392 4.3518 0.11177 0 0 0 1.7451 2.3615 2.7501 5.4691 1.3733 0.88859 0.69639 4.8197 9.7455 5.9176 4.4961 8.4413 38.167 4.456
-999 -999 -999 0 0.22924 2.6443 2.1617 7.9864 8.6955 6.37 6.3225 5.7 4.73 0.18477 0.14729 0 0 1.4768 3.3482 4.8781 6.9758 3.7437 1.0256 0.63469 0 -999 -999 -999 -999 -999 0.97539
-999 -999 -999 5.5148 4.296 3.3998 2.5675 2.9457 3.5289 4.7154 5.3499 5.8933 5.9027 3.7385 0.42169 0.4059 0.7382 1.6342 2.7651 4.5663 5.3342 4.0171 0.26816 -999 -999 -999 -999 -999 -999 -999 4.1783
-999 -999 -999 -999 -999 4.832 2.5843 2.2799 3.7808 4.6316 5.272 6.2535 6.2675 5.8436 8.5942 11.106 11.979 9.7984 8.8847 41.716 -999 -999 -999 -999 -999 -999 -999 -999 -999 -999 -999
-999 -999 -999 -999 -999 -999 -999 -999 3.4988 4.636 5.5829 6.3298 6.6976 7.0137 10.737 40.144 52.876 25.15 24.037 57.979 -999 -999 -999 -999 -999 -999 -999 -999 -999 -999 -999
-999 -999 -999 -999 -999 -999 -999 3.0156 3.3907 4.5751 4.9409 5.4971 6.9657 7.652 9.5614 41.961 52.438 37.092 -999 -999 -999 -999 -999 -999 -999 -999 -999 -999 -999 -999 -999
-999 -999 -999 -999 -999 -999 20.209 11.506 3.509 3.8422 3.8112 3.67 4.8649 8.8619 9.0916 10.224 52.262 -999 -999 -999 -999 -999 -999 -999 -999 -999 -999 -999 -999 -999 -999
-999 -999 -999 -999 -999 -999 29.294 18.304 5.5501 3.3343 3.4815 3.1 2.5954 5.6144 9.1805 12.227 47.004 -999 -999 -999 -999 -999 -999 -999 -999 -999 -999 -999 -999 -999 -999
-999 -999 -999 -999 -999 -999 26.859 15.911 6.688 2.9834 3.2862 2.1244 0.3671 2.7166 8.5434 9.331 28.653 -999 -999 -999 -999 -999 -999 -999 -999 -999 -999 -999 -999 -999 -999
-999 -999 -999 -999 -999 -999 -999 9.8476 4.5513 2.6003 2.0936 1.8208 1.3816 2.9123 6.8447 3.208 13.112 -999 -999 -999 -999 -999 -999 -999 -999 -999 -999 -999 -999 -999 -999
-999 -999 -999 -999 -999 -999 -999 -999 2.3746 1.8189 1.4817 0.86331 1.6192 1.3794 2.8267 3.1389 1.8518 -999 -999 -999 -999 -999 -999 -999 -999 -999 -999 -999 -999 -999 -999
-999 -999 -999 -999 -999 -999 -999 1.7473 3.8862 1.8883 0.31799 0 0.1456 0.12441 0.78848 0.67035 0.49168 -999 -999 -999 -999 -999 -999 -999 -999 -999 -999 -999 -999 -999 -999
-999 -999 -999 -999 -999 -999 -999 5.5115 7.3165 1.7459 0.24708 0 0 0 0.384 -999 -999 -999 -999 -999 -999 -999 -999 -999 -999 -999 -999 -999 -999 -999 -999
