PC_RASTER_CASE_STUDY/rainfall_365/rn_14843.asc
ncols         31
nrows         25
xllcorner     73.125000
yllcorner     13.125000
cellsize      0.25
NODATA_value  -9999
-999 8.992 1.9577 4.4466 12.262 21.218 44.88 65.375 -999 -999 -999 -999 -999 -999 -999 -999 -999 -999 -999 -999 -999 -999 -999 -999 -999 -999 -999 -999 -999 -999 -999
-999 10.822 7.6345 10.726 16.092 28.17 49.695 36.18 32.81 -999 -999 -999 -999 -999 -999 -999 -999 -999 -999 -999 -999 -999 -999 -999 -999 -999 -999 -999 -999 -999 -999
-999 13.912 14.028 13.26 18.605 14.503 24.945 43.156 19.707 25.001 -999 -999 -999 -999 -999 -999 -999 -999 -999 -999 -999 -999 -999 -999 -999 -999 -999 -999 -999 -999 -999
38.101 18.017 14.29 8.2407 11.385 12.964 31.242 94.536 64.496 33.688 24.366 12.841 -999 -999 -999 -999 -999 -999 -999 -999 -999 -999 -999 -999 -999 -999 -999 -999 -999 -999 -999
-999 7.7531 4.7077 5.2383 9.8328 14.986 59.184 97.802 63.558 53.044 30.559 13.069 -999 -999 -999 -999 -999 -999 -999 -999 -999 -999 -999 -999 -999 -999 -999 -999 -999 -999 -999
-999 13.315 7.2012 3.3152 13.25 19.414 37.74 55.901 53.491 64.144 32.107 19.194 24.328 22.056 9.2303 -999 -999 -999 -999 -999 -999 -999 -999 -999 0.77228 4.7596 4.3544 5.1986 1.3599 -999 -999
-999 20.106 2.5204 0.2409 14.267 13.494 36.837 52.93 71.444 90.229 20.346 27.672 31.695 23.345 11.143 3.5095 0.91919 0.24691 0 -999 -999 9.3281 31.879 19.567 7.6677 5.1135 7.2933 7.2304 6.0255 -999 -999
-999 -999 2.9909 0.20432 20.78 19.824 13.857 31.653 49.556 50.19 26.038 44.086 34.751 17.132 10.193 7.4942 3.8079 4.4225 9.8394 12.738 56.248 48.24 27.952 14.95 33.107 37.988 10.157 8.3263 7.3484 0.34621 -999
-999 -999 1.7398 0.22459 7.7113 26.043 14.425 23.82 35.223 31.686 25.057 27.82 26.171 13.011 9.637 7.7305 5.4037 7.5335 14.795 13.687 35.732 4.673 8.6945 7.0995 51.616 69.095 29.064 4.1853 2.3259 1.0226 0.68108
-999 -999 5.8814 0.75503 5.0433 33.029 8.5286 19.869 20.973 13.597 11.629 15.603 20.125 16.891 8.5048 6.5897 4.1169 2.6637 30.057 36.648 26.067 15.503 9.3976 14.689 40.568 57.929 5.596 0.91702 1.6215 3.5417 0.81929
-999 -999 13.731 0.88727 4.5262 3.3029 7.5997 28.984 27.732 8.0801 10.853 15.384 13.501 18.361 11.023 10.616 4.6681 38.472 130.65 105.38 43.187 33.41 10.765 12.249 19.698 21.953 2.7446 2.8808 4.1165 5.3605 7.1998
-999 -999 50.602 11.021 1.2255 6.9077 12.824 27.147 24.586 14.203 12.223 13.158 11.766 12.855 10.689 10.287 5.3728 12.291 57.782 31.94 12.066 40.914 17.599 5.5762 2.7505 10.771 35.957 38.43 11.764 6.5172 3.3427
-999 -999 57.799 7.4196 0.21563 11.203 16.484 26.979 21.851 17.359 14.131 8.2444 8.7394 10.175 9.7186 14.107 22.287 17.622 19.514 17.698 16.871 33.693 14.669 7.0733 4.2188 18.152 47.53 37.582 4.3757 7.5182 1.2606
-999 -999 -999 4.5377 5.2062 27.163 19.567 22.545 12.937 6.8839 6.6647 6.348 7.2097 7.6283 8.4362 7.529 8.0585 6.252 6.0216 5.1748 10.151 18.574 16.704 10.747 12.802 -999 -999 -999 -999 -999 2.5464
-999 -999 -999 21.875 24.953 31.337 20.62 12.514 8.5853 4.9518 5.8208 6.2515 6.0273 3.6261 3.3776 2.3617 10.067 5.2511 4.2264 7.0268 37.396 42.163 23.801 -999 -999 -999 -999 -999 -999 -999 1.7608
-999 -999 -999 -999 -999 26.594 12.619 8.4073 4.9028 1.9594 4.9776 8.2212 7.0112 4.5244 1.7997 4.0248 6.1287 15.993 11.492 17.127 -999 -999 -999 -999 -999 -999 -999 -999 -999 -999 -999
-999 -999 -999 -999 -999 -999 -999 -999 5.2456 2.8625 6.3984 8.7745 6.9976 2.7158 1.3009 3.9841 11.278 33.054 27.862 7.6476 -999 -999 -999 -999 -999 -999 -999 -999 -999 -999 -999
-999 -999 -999 -999 -999 -999 -999 6.6704 6.0717 5.7692 6.8354 7.6366 5.8871 2.2977 1.2088 2.4926 6.6505 29.896 -999 -999 -999 -999 -999 -999 -999 -999 -999 -999 -999 -999 -999
-999 -999 -999 -999 -999 -999 45.726 17.28 8.0356 8.8951 9.921 15.677 14.53 4.236 2.8799 8.752 27.919 -999 -999 -999 -999 -999 -999 -999 -999 -999 -999 -999 -999 -999 -999
-999 -999 -999 -999 -999 -999 52.147 33.882 11.425 11.97 10.197 15.854 27.007 20.573 9.9607 21.049 40.424 -999 -999 -999 -999 -999 -999 -999 -999 -999 -999 -999 -999 -999 -999
-999 -999 -999 -999 -999 -999 45.39 41.657 17.893 14.345 13.211 25 40.342 34.449 22.847 22.2 31.972 -999 -999 -999 -999 -999 -999 -999 -999 -999 -999 -999 -999 -999 -999
-999 -999 -999 -999 -999 -999 -999 44.027 28.677 18.101 19.347 24.924 32.274 29.617 23.675 19.959 30.279 -999 -999 -999 -999 -999 -999 -999 -999 -999 -999 -999 -999 -999 -999
-999 -999 -999 -999 -999 -999 -999 -999 33.169 22.13 14.969 16.082 17.367 12.58 16.709 30.484 56.508 -999 -999 -999 -999 -999 -999 -999 -999 -999 -999 -999 -999 -999 -999
-999 -999 -999 -999 -999 -999 -999 46.316 33.389 15.769 8.2906 8.6431 3.0895 0.68447 7.118 33.079 42.592 -999 -999 -999 -999 -999 -999 -999 -999 -999 -999 -999 -999 -999 -999
-999 -999 -999 -999 -999 -999 -999 36.42 21.107 8.1429 7.6506 9.1877 3.9124 1.2379 3.701 -999 -999 -999 -999 -999 -999 -999 -999 -999 -999 -999 -999 -999 -999 -999 -999
