PC_RASTER_CASE_STUDY/rainfall_365/rn_14821.asc
ncols         31
nrows         25
xllcorner     73.125000
yllcorner     13.125000
cellsize      0.25
NODATA_value  -9999
-999 71.492 5.6176 0 0 2.4469 12.316 1.3949 -999 -999 -999 -999 -999 -999 -999 -999 -999 -999 -999 -999 -999 -999 -999 -999 -999 -999 -999 -999 -999 -999 -999
-999 134.21 41.474 0 0.49884 4.1585 20.08 20.976 41.718 -999 -999 -999 -999 -999 -999 -999 -999 -999 -999 -999 -999 -999 -999 -999 -999 -999 -999 -999 -999 -999 -999
-999 106.09 100.57 5.2103 2.7891 4.3381 14.909 53.947 75.998 36.245 -999 -999 -999 -999 -999 -999 -999 -999 -999 -999 -999 -999 -999 -999 -999 -999 -999 -999 -999 -999 -999
117.05 82.071 42.921 0.79627 1.9071 3.3901 9.7921 11.85 29.814 15.201 8.6069 4.0977 -999 -999 -999 -999 -999 -999 -999 -999 -999 -999 -999 -999 -999 -999 -999 -999 -999 -999 -999
-999 30.446 6.0416 0 0.90872 1.72 1.0384 0.28875 1.7678 11.994 9.9038 7.6266 -999 -999 -999 -999 -999 -999 -999 -999 -999 -999 -999 -999 -999 -999 -999 -999 -999 -999 -999
-999 21.859 2.1408 0 0 0 0 2.8165 1.1478 1.9204 12.707 18.61 36.307 61.638 28.351 -999 -999 -999 -999 -999 -999 -999 -999 -999 18.145 12.284 17.757 11.582 1.7439 -999 -999
-999 47.402 3.5013 0 0 0 0 5.9405 8.9822 2.1507 17.144 23.566 39.355 42.901 28.709 10.241 13.775 7.7733 32.421 -999 -999 6.9072 6.6995 7.094 6.4776 24.315 49.494 55.661 44.127 -999 -999
-999 -999 4.7096 0.71469 0 0 0.47496 5.0713 2.113 4.8548 19.219 28.539 24.009 15.697 10.549 13.104 12.322 9.1836 21.198 30.377 1.0144 3.6984 10.23 3.7689 2.6151 23.531 45.821 56.438 44.952 6.0498 -999
-999 -999 2.5956 0.26398 0 0 0.32993 4.2071 4.1861 1.4169 16.388 21.019 18.979 11.441 8.4285 12.375 23.881 26.975 6.3184 2.3207 0.30414 0 2.6801 0.9348 2.3266 3.2348 10.713 12.113 5.108 2.2099 7.0709
-999 -999 17.553 5.2645 0.9991 0 0.1763 4.4799 3.9657 0.68593 3.1836 9.8833 13.703 12.151 10.262 14.919 21.937 18.016 10.94 3.2379 3.208 8.3043 18.562 3.1785 3.6824 3.9572 6.9123 8.2561 6.578 21.099 13.238
-999 -999 31.291 14.347 0.71605 0 0 2.3706 1.4409 0 0.95555 3.7245 7.0163 10.42 5.9129 7.8163 12.651 5.4578 4.5514 4.5005 8.8824 20.842 38.887 16.595 13.161 13.394 8.3129 8.9495 13.966 67.234 70.314
-999 -999 85.512 13.53 1.9893 0.18747 0 1.5688 1.1158 0.52515 0.77636 1.6711 2.1536 2.9531 1.8633 2.4527 5.7615 9.2894 24.535 15.923 8.1695 8.1478 27.798 24.19 20.183 25.039 30.939 32.071 58.943 39.139 15.844
-999 -999 79.681 19.429 5.6348 8.3274 9.2772 8.5894 2.8364 0.53984 1.6188 1.4979 3.0375 0.30407 0.90057 0.59735 0.79088 18.016 28.276 25.058 9.7088 6.7009 7.2124 8.8853 15.654 24.06 29.26 37.371 57.289 29.903 41.075
-999 -999 -999 42.3 31.566 19.523 20.31 11.086 6.3851 3.1056 5.9499 6.2989 8.3983 0.29812 0.30769 0.3652 0.92681 2.696 7.1213 14.946 15.334 10.311 6.7786 4.9647 2.8667 -999 -999 -999 -999 -999 77.968
-999 -999 -999 46.298 36.198 20.521 21.51 10.305 5.098 3.9041 5.8778 7.9212 11.584 9.3872 0.48335 0.24954 1.4694 4.3033 4.4788 16.156 34.477 37.966 9.7674 -999 -999 -999 -999 -999 -999 -999 67.847
-999 -999 -999 -999 -999 35.315 31.54 6.8743 3.0644 1.3835 4.0473 10.599 12.734 16.201 12.928 0.124 0.74635 5.4244 2.955 12.504 -999 -999 -999 -999 -999 -999 -999 -999 -999 -999 -999
-999 -999 -999 -999 -999 -999 -999 -999 3.1625 2.2255 6.6832 11.227 12.821 20.345 24.015 12.829 2.3133 7.4878 6.1405 3.967 -999 -999 -999 -999 -999 -999 -999 -999 -999 -999 -999
-999 -999 -999 -999 -999 -999 -999 9.0413 6.3804 7.0651 7.8472 12.141 12.458 18.081 19.369 17.303 12.132 7.322 -999 -999 -999 -999 -999 -999 -999 -999 -999 -999 -999 -999 -999
-999 -999 -999 -999 -999 -999 35.4 17.627 13.412 15.39 16.268 13.43 8.7597 6.3276 1.1183 8.1659 1.2546 -999 -999 -999 -999 -999 -999 -999 -999 -999 -999 -999 -999 -999 -999
-999 -999 -999 -999 -999 -999 30.68 27.197 18.782 18.033 19.859 15.251 5.7875 2.0619 4.5327 3.675 0 -999 -999 -999 -999 -999 -999 -999 -999 -999 -999 -999 -999 -999 -999
-999 -999 -999 -999 -999 -999 33.162 35.56 26.137 18.857 17.801 10.042 0.66986 1.7286 6.9428 4.7069 4.0833 -999 -999 -999 -999 -999 -999 -999 -999 -999 -999 -999 -999 -999 -999
-999 -999 -999 -999 -999 -999 -999 45.013 39.265 25.706 12.716 8.4634 1.9573 2.8236 6.3301 5.7021 5.2728 -999 -999 -999 -999 -999 -999 -999 -999 -999 -999 -999 -999 -999 -999
-999 -999 -999 -999 -999 -999 -999 -999 45.038 32.484 12.357 5.2712 1.9293 1.5038 3.9577 4.4096 1.1507 -999 -999 -999 -999 -999 -999 -999 -999 -999 -999 -999 -999 -999 -999
-999 -999 -999 -999 -999 -999 -999 61.377 45.309 23.823 13.565 10.091 2.7303 0.40393 1.1563 2.1319 2.1089 -999 -999 -999 -999 -999 -999 -999 -999 -999 -999 -999 -999 -999 -999
-999 -999 -999 -999 -999 -999 -999 46.492 29.807 14.981 13.907 11.554 4.4116 1.0803 1.546 -999 -999 -999 -999 -999 -999 -999 -999 -999 -999 -999 -999 -999 -999 -999 -999
